3
290
19
258
99
736
272
947
884
38
44
978
564
675
288
421
145
136
227
138
95
324
295
491
934
499
68
502
500
939
796
188
318
741
151
386
544
228
674
663
381
934
8
330
371
393
435
609
629
117
817
628
454
143
466
944
483
574
368
495
925
208
363
370
644
562
192
474
854
613
10
259
547
843
550
701
49
572
150
358
262
416
162
380
625
499
191
330
321
598
318
415
659
36
582
245
785
398
769
78
44
896
650
923
734
178
101
297
363
599
793
690
669
494
17
533
734
643
836
236
323
845
919
193
616
786
522
87
479
834
222
540
738
815
958
112
511
780
539
559
247
514
590
456
404
549
4
313
785
306
515
65
361
336
356
404
5
907
254
711
231
706
333
197
998
62
516
832
947
392
915
74
165
537
170
809
579
97
519
581
775
814
313
647
851
813
188
513
851
288
380
801
828
655
460
243
324
112
632
759
948
752
718
317
880
993
512
3
89
71
325
944
548
721
355
240
623
420
125
804
739
998
225
121
915
737
381
345
984
676
307
355
841
179
395
777
456
161
113
569
836
710
962
579
144
319
321
745
682
990
148
384
565
400
532
288
899
498
185
205
435
388
93
319
767
705
406
314
140
645
228
813
518
927
796
52
189
199
885
940
371
330
521
697
872
312
523
437
741
591
161
819
300
1000
249
687
14
8
20
423
353
688
743
14
56
999
200
127
626
913
813
537
612
322
129
403
332
173
307
116
23
121
788
878
675
154
755
273
12
895
900
584
663
36
14
83
532
242
872
280
434
935
458
812
55
282
120
657
763
554
675
684
10
811
510
365
427
603
47
807
338
665
575
630
536
548
392
212
972
44
878
244
16
996
645
609
528
573
713
338
811
695
69
413
867
449
715
287
520
18
503
406
383
73
374
329
207
622
570
532
526
373
401
707
418
49
167
350
346
116
173
73
27
708
900
915
295
873
889
355
921
24
626
989
195
610
84
280
11
681
677
579
25
995
407
493
13
661
739
417
412
390
909
931
803
627
76
298
180
568
424
193
848
858
61
797
739
213
125
161
851
450
198
77
876
530
75
610
994
761
302
806
775
26
367
403
348
652
12
52
502
449
279
202
500
671
774
557
540
473
10
539
400
488
933
96
934
573
844
914
776
609
533
596
725
419
401
14
975
986
297
174
275
835
400
641
394
585
72
409
29
614
840
691
399
599
745
266
234
264
314
857
351
100
669
328
104
175
522
725
804
682
705
990
105
876
376
175
367
406
949
93
908
699
398
588
476
805
149
426
272
369
333
188
635
358
387
653
922
645
733
234
143
464
394
288
364
117
749
931
785
637
813
172
28
261
883
281
663
429
85
811
43
655
564
30
292
934
182
569
550
313
749
872
520
670
650
724
989
388
776
201
936
839
99
356
141
51
379
330
754
531
738
717
94
30
434
142
619
925
217
888
370
982
411
718
729
794
49
433
391
336
191
905
73
720
896
287
703
9
896
909
306
849
538
970
84
761
355
64
509
200
560
884
188
318
557
205
146
745
312
810
772
184
230
721
761
195
996
664
356
930
122
261
816
633
721
5
234
831
950
587
169
440
523
730
768
716
71
696
650
365
514
169
462
929
762
154
827
149
896
441
396
853
787
866
230
356
536
197
124
91
790
745
242
335
607
652
668
692
52
854
747
560
454
419
209
297
414
328
908
667
218
773
880
894
297
356
65
919
318
312
278
861
386
993
304
660
845
242
507
784
378
407
357
950
988
511
183
347
598
727
369
185
605
784
795
441
402
28
224
316
622
961
593
288
474
941
504
578
142
480
602
145
870
503
66
345
837
64
282
234
128
721
107
949
752
212
35
786
369
362
244
846
995
507
675
491
309
489
53
430
335
738
541
550
442
649
132
163
992
558
318
87
326
564
367
528
949
525
524
114
76
483
941
539
390
702
339
181
263
856
91
968
200
434
856
317
895
519
33
571
506
181
490
565
537
986
20
279
704
211
234
879
600
216
355
631
613
517
965
653
520
702
893
32
703
156
156
381
560
951
735
143
88
2
945
744
996
520
429
938
916
84
29
961
187
164
697
206
552
371
943
622
720
249
697
609
648
563
173
590
458
897
366
652
547
325
124
553
449
564
837
216
459
908
114
895
522
99
52
986
808
379
565
511
74
709
998
740
79
639
315
597
37
297
123
504
233
810
9
40
288
86
9
984
940
354
524
560
141
694
301
745
633
150
704
288
262
863
862
895
349
61
871
247
157
900
758
296
598
882
232
337
514
281
744
535
217
558