3958
7739
5521
5806
4260
7917
949
6231
2237
8101
4492
6397
7819
4913
6651
8554
9003
2336
6772
5895
1644
112
3597
2709
519
3602
6951
1322
6842
7713
5820
6079
7331
8812
4717
1198
2618
8830
6952
1157
4341
2274
2951
693
606
2120
8622
1986
6530
5793
4416
1275
369
5993
5420
9724
790
3872
8121
3536
5342
3488
548
1121
8894
871
3502
9255
2321
2856
2345
8518
3960
7354
9093
7651
4268
953
5061
1980
2888
8643
4331
6217
4560
9640
9681
8696
4636
1749
4159
5452
2299
5674
1149
4391
1352
3034
4611
6396
2606
7258
2361
2746
3988
8723
2830
5209
1178
7945
1538
5086
634
2012
4418
1528
5221
7377
3688
8730
6344
1445
7205
3674
9201
2883
3288
417
3980
7158
4242
1928
5640
5433
4212
1252
1531
9067
4006
2431
7356
6583
9408
4060
2658
2004
1357
3447
1660
9088
101
3212
6868
4589
9332
3040
6202
4140
4117
6239
898
1776
7500
442
3617
1997
4481
8074
1468
425
8509
59
327
4798
3669
62
9270
7845
3574
3498
2953
8093
2941
5770
8278
1485
7664
4851
5503
3531
8127
751
4682
7784
6709
9672
73
7976
6468
7668
2351
5617
3287
7198
1120
4399
1186
9808
9877
1078
3980
913
8534
6897
764
7468
2238
1884
1623
3202
580
7323
2395
6395
2280
3626
1970
4523
9648
4975
3167
2720
2516
5878
7008
9860
6592
7331
844
9449
8866
4839
9813
3440
8895
8972
1482
6659
1281
2014
7260
2359
6859
3867
7915
407
8989
8078
6264
5394
2601
7473
9151
4951
6463
5066
695
587
5146
2826
4495
5954
5528
504
5480
8805
6050
2974
8603
5768
208
4324
7484
4432
6770
686
6848
3255
2962
1905
7985
1386
6873
9379
8839
6500
967
137
762
6164
3432
129
6572
6334
5662
464
7033
23
5767
6109
3719
5308
2986
8233
1375
4053
537
9891
4933
6120
8069
7285
3454
9543
8348
5671
8840
925
1067
8384
1131
7125
7474
4994
3607
6017
8659
9049
9971
1475
6603
7970
651
199
9645
5517
9871
2934
5003
320
5022
4377
4521
2423
5773
7047
5593
1521
4276
644
3014
8901
5769
426
439
2225
6312
5278
3020
2560
2434
9893
9465
5585
6040
9481
5482
6011
8865
620
6122
3092
6719
3641
4624
9596
3177
1790
9804
3746
1226
6308
8726
3334
6596
5090
7135
9201
2417
7655
2992
5923
713
7626
3586
3322
7483
2930
9547
6910
528
928
2077
4223
4161
3994
362
6841
3733
6348
795
7611
8422
9299
3623
782
6322
9929
5381
4865
4420
6107
517
1701
9833
9899
7059
9347
8288
1223
8845
8838
9445
5342
3154
5670
5683
9389
1506
8847
3342
5240
99
9900
4492
9843
3933
8454
537
6343
1026
4205
7653
991
486
707
5961
5305
4125
5635
4838
6007
5261
7531
3002
2490
7279
1106
8728
2335
5423
3735
5164
4542
9115
629
7341
3639
7694
1618
4932
7113
3942
5406
5096
8742
7829
5654
2973
9027
564
8482
2463
1843
1528
9246
5881
9818
7863
7890
5355
1937
6071
9685
1004
4972
334
5614
8693
7447
4561
5806
1622
6809
7238
8312
9224
174
1148
8096
3375
2182
618
8541
441
7802
2174
1849
3779
2295
9964
1075
9920
1964
4025
8545
2070
9859
1224
5808
207
5708
8849
9991
4810
2798
6757
1244
3998
177
6717
8057
1270
1687
3541
2219
7657
6628
108
8841
3970
600
3199
1922
8502
8306
5586
635
7962
8961
209
6352
1829
7363
8943
5141
2399
6079
7974
1938
3701
1420
710
8280
2983
7826
2944
7911
1580
5549
1652
8252
4458
8469
5507
2548
2589
7124
6155
5610
372
7316
6565
3901
8803
9087
2777
4104
9044
7108
5442
3082
9205
9604
78
8621
4272
2662
705
4995
7232
5103
3409
3809
3449
2773
7078
783
3373
4870
7143
5759
9503
377
2833
5991
5475
8109
5585
2776
777
692
1908
3611
3771
139
7180
7628
2605
7629
8400
7396
112
1950
2924
2693
6403
9044
7689
4756
3459
5158
6375
8098
392
6973
7608
886
8128
8242
9223
2755
164
9201
8781
5697
3752
6705
7425
7180
8981
747
3706
894
4244
1660
7145
9605
1252
5959
4642
4548
2917
3732
7832
8177
6224
1191
7774
3373
486
7637
9215
7861
3674
2745
3030
8015
1910
7866
3411
8190
2116
7867
8460
4452
940
4772
3263
8221
6834
2241
5925
5891
3092
2236
8792
1158
775
4237
7181
2875
2188
5064
3592
6454
3787
1339
4400
7929
4560
4136
1320
379
3110
2330
3447
4784
9348
3771
6470
7254
8792
1459
8456
6043
5520
9470
4347
631
3231
5528
2646
7245
8228
1757
9626
8960
7731
492
9188
2342
3392
1440
1249
6861
4925
7893
4024
1565
5350
9787
199
2424
3886
9432
7691
2017
2739
2443
598
622
3914
5787
4057
6295
515
6573
5307
9467
7498
9109
4999
2986
9717
5037
9565
1749
6899
1113
2685
3060
6700
9564
6134
6008
285
698
9262
8583
2175
6503
6165
5352
6549
5466
9145
2325
7390
9388
7477
758
7552
1185
8120
1589
1793
6304
1735
8476
3475
3138
1798
1318
5428
700
4114
1414
3271
2447
4672
817
8913
4253
3626
9664
9877
4019
4048
163
9084
6709
1830
9970
7145
5454
7215
3429
7091
9423
7915
9662
7532
31
8172
2089
4427
3667
4092
9100
6785
5119
9554
7602
2906
472
6236
17
9503
6271
3003
9711
3658
2074
8557
8295
1130
87
2088
7953
5724
1342
9901
2547
1800
3712
22
160
5317
5776
3599
2692
7622
5396
6101
3716
7313
6257
3382
1946
6335
6707
5721
1131
7521
6022
8403
747
7795
1756
7628
7945
1261
5284
5417
9152
2677
4012
4218
4224
6042
4364
9435
1719
1521
4506
7971
5567
6535
7143
2708
2384
5993
8710
4776
1851
6951
4151
8479
822
6427
4609
672
825
2722
3123
3099
4898
118
51
2061
882
8381
7607
5516
6394
1606
8856
5802
5195
4702
51
6027
6518
4322
390
4288
105
5487
6103
3590
6387
1449
9076
4405
1798
8295
1789
7405
7289
3136
4972
8002
2584
3982
1656
7626
2156
6774
1005
6850
204
1484
2886
4000
4122
8259
835
4167
7995
8450
4907
5414
5255
6566
1773
2891
2375
1346
453
5241
4764
1017
9549
1020
2360
4949
1597
608
10
5787
6998
2784
7391
5631
3823
5439
6093
7749
1254
8624
8986
9073
3766
5958
231
2074
5748
2600
4092
6000
1768
9852
1298
2473
2660
2448
85
5381
1934
4412
1124
102
5865
3102
2477
2834
9996
3091
1543
4492
7624
1720
3781
9473
9256
7248
757
6049
9258
191
6681
9133
2965
2265
329
4164
6243
2056
9668
3068
8252
3098
6366
8841
2818
3899
1589
499
3076
5920
9922
1898
9588
5304
56
3085
397
8138
5620
5000
5975
4291
4279
1779
9936
8341
81
3038
230
8380
4848
7727
2944
8578
2852
5897
8015
2163
7362
6251
1321
9633
7366
7438
9964
6914
9151
6965
847
7101
7710
4136
8965
8438
2425
9690
2222
9071
1336
1129
9224
3437
2903
5038
857
5169
3303
3579
4560
8406
8758
2167
6444
9232
5040
9020
2213
2366
207
9787
1998
6650
5018
1069
3220
7367
4546
2309
8358
2254
2276
9998
8856
9073
7303
8036
2139
486
5907
5305
1659
638
4951
8107
7090
1270
4835
3651
2524
7054
2106
6270
3823
9799
9189
3269
994
9252
8797
5012
5331
6268
7630
2483
6905
925
39
591
8689
1805
302
4566
8266
6345
3371
7153
864
3095
5469
2403
6120
7999
7176
425
3188
6231
9011
9020
7194
3682
3920
1116
9866
6391
106
1370
9446
4669
6722
9208
9297
9067
4125
3453
8626
2403
6182
8576
8952
8232
5490
9361
817
8934
3906
3399
7249
6140
476
9780
5452
6803
8790
6764
9
6551
4964
9276
8547
1791
6343
8291
8554
8786
8779
4827
2423
4432
9214
6568
5145
1302
8322
5871
4895
8015
9031
400
4034
9506
2365
9492
694
8598
9290
3803
2128
4497
9023
1935
9121
8020
8913
5386
6483
7231
1866
1273
7561
4847
7338
3072
8140
6335
5611
2351
9436
2855
8965
8175
5532
4183
1369
6242
4171
1056
6773
5953
6275
541
3680
1156
4583
5048
8392
9473
9077
6944
3476
9549
3
8455
8407
4702
4924
6451
5803
9763
3894
6443
5653
3532
5377
5836
3341
790
1097
4710
5999
5104
9519
9927
2504
7866
9520
9301
281
467
5776
3841
4842
3677
8987
4090
764
804
5299
7425
6771
3412
5518
630
9020
2809
1634
7838
1977
2900
8817
797
241
7048
8637
2329
5045
8496
1016
3650
9424
1579
8000
9055
7283
2071
353
9709
2603
4592
4486
6937
6843
660
4134
3079
7683
1237
8051
3117
8532
9858
20
8401
4034
1197
1905
3662
5508
1476
4203
6668
577
1995
8809
3435
5514
3339
3654
8933
5957
1951
1038
2463
8056
991
5535
8969
7842
9540
7744
6288
4909
1972
247
4935
8479
2825
127
6258
2712
1106
3633
4496
1504
2268
5216
6609
797
9060
6327
6393
2288
9147
6214
5545
3653
4629
1789
2252
5601
6237
4051
9561
3171
7864
9716
1691
5020
5986
7849
8030
6083
5360
9540
1483
2757
6761
8910
2014
8223
6808
4355
3865
5543
5654
3579
8570
907
7171
9870
2159
7584
2749
1880
1549
9984
7101
1035
1141
4375
5997
6175
7313
8698
221
7258
72
1050
1442
4814
3330
7130
1507
8526
6148
5541
454
5300
6273
535
6973
7049
7427
9044
6561
7095
8970
3733
2310
3584
4829
1862
5137
8754
4036
3436
2397
3788
6697
2137
4443
5605
1574
2476
5616
747
5497
4497
9481
3928
1768
8893
502
8631
9911
2751
3553
38
6106
3076
3739
8473
7007
3215
2593
6585
4660
1972
3783
9569
7312
4645
6123
4909
4973
1272
1150
7454
8321
2020
4670
5889
1024
6658
9029
6972
9458
9577
2340
9645
6856
581
1464
7626
1403
6643
7106
3245
3979
2073
302
524
1822
33
3277
2379
4183
11
5205
5082
9379
9773
6459
1153
1600
2635
1638
7461
7049
8081
8994
657
6326
97
7117
5998
4370
7669
7110
6269
2704
4531
7506
6354
4798
2874
7530
3181
3479
4554
4019
3198
7644
1779
8732
4566
930
8731
279
2317
4437
942
4336
4899
969
461
2323
4658
5978
8052
324
5684
6279
4039
810
4462
8441
5856
6956
4786
2442
4469
831
7264
6521
8170
8853
7399
6604
495
9139
6275
7966
2128
6683
6758
8237
3127
9139
7721
5237
9668
5578
9187
9330
2477
6168
6209
3407
1688
7466
8100
1963
843
6746
5456
3099
7756
4909
9791
6956
4244
7726
9473
3113
1730
8409
2345
2910
7867
7734
7972
2636
1792
7532
7095
1279
1549
5747
363
4171
1147
348
4658
6583
672
4064
4706
4888
1993
3009
6594
8639
7431
8408
7870
803
7619
5354
1771
1953
7634
6057
3120
437
5699
4060
6172
5134
1785
6018
4970
5982
1220
4846
1371
7040
8832
5337
3793
5910
6730
3385
7656
2167
3313
1827
2904
5551
6423
7175
7260
2467
2523
3269
4497
3105
8437
3122
898
6132
2878
9927
1698
7417
8307
1068
5489
8126
7603
7443
4577
8654
54
5947
7967
7677
6170
2454
4234
2540
6316
9144
6307
6319
152
4000
1
9123
9191
7092
9747
2562
8875
3976
3605
4252
1398
5849
1855
4201
9643
8426
9539
10000
7456
1557
2985
5061
6603
4131
87
622
4532
9280
9497
1192
9903
5942
3961
2693
1054
1822
9652
466
373
5762
1135
983
9633
6980
208
1706
5251
372
9060
5289
2733
3971
1322
1097
28
9321
5367
9570
3859
7614
7561
6357
5585
1741
3338
9043
6705
2296
6456
3112
9236
8911
8836
1040
7572
6478
7889
7190
9694
1049
4071
8158
1241
9765
464
8793
4266
387
1801
3240
708
991
9791
4271
3828
7150
8855
1503
2581
3137
4113
4511
7485
1982
7559
649
9021
7456
4417
2673
8341
279
6651
4852
8879
3553
4064
29
3696
838
3150
2003
984
3982
4751
8926
5017
2689
5116
8816
5737
139
3745
252
4393
8964
5609
7317
8216
204
4332
8124
8868
4178
1924
559
930
4083
7117
2787
915
9224
3945
1367
1255
2220
1189
1278
1684
9418
6341
7651
9707
7955
440
3176
8168
1892
491
3914
3136
3681
154
4344
7806
9705
9760
1498
7892
9209
9512
4973
770
6047
8093
9926
4667
4785
1363
6185
2380
4178
1067
2103
8412
8638
7754
2708
3517
6530
8453
584
3400
1427
6853
9064
9262
4403
5087
2905
5172
1581
517
5261
9470
6823
5356
2448
6978
564
6
4092
5115
5678
8362
5193
7314
1829
3224
3369
8925
6781
8620
5105
8289
2296
3879
4636
7453
3742
1343
11
172
4864
9964
7332
5881
1581
3826
4186
8061
7685
4619
8234
9082
9518
2898
1425
9573
6996
5951
239
5103
7525
9438
6577
6879
3402
29
2462
1124
3074
9263
6739
7518
1393
4481
2537
3902
9323
1535
6706
9851
1834
9024
7713
5297
2992
3697
9910
8876
5819
3806
9333
2268
6142
9195
4342
311
9538
3202
9790
8701
6380
3967
8994
2083
7872
8594
59
7027
6590
7067
4446
5782
4983
2318
4564
3042
3445
6280
4768
4892
1073
2007
6185
5104
7269
4632
7264
6749
8259
1345
1232
5581
4759
1756
6033
4552
256
5522
9681
3314
1763
2707
1303
1642
4737
3435
4204
1037
2126
9171
8657
2960
925
959
3770
4741
4754
2790
6733
5361
3770
629
9525
276
8603
2643
7609
7277
9724
733
1491
2237
2387
855
1209
4795
1787
3313
8658
814
950
8212
4431
9879
7285
1658
3917
8145
4756
9828
4714
4942
6330
2856
8857
9706
4137
4327
4903
3051
6892
7169
8036
9963
1423
3947
9296
6514
1484
949
8041
8392
5052
1395
474
9807
3884
8998
6377
5059
8863
9502
9373
3107
8636
7179
8047
8533
6752
5371
2670
9833
7322
5113
7553
5011
5478
9208
3869
7760
514
4461
9474
2546
495
8927
5565
1335
42
7125
7627
1078
750
7187
5688
618
3467
758
6937
7343
278
104
9611
2460
4844
2176
240
5071
5629
1408
6451
5929
2506
9066
5226
2259
7230
6367
7273
9798
5824
1468
7379
863
8021
1577
4311
6864
8173
8504
5771
4551
2985
8559
5972
9125
1675
7114
4276
8522
8289
9286
7942
1057
799
8942
7731
9045
2218
3786
9763
8016
3947
9653
4988
362
9857
6939
7876
8808
8533
5302
7912
4995
6422
4655
2136
5186
3921
4316
4387
6254
3224
1669
2126
2639
1769
8175
6418
501
7655
1042
1609
1399
3580
2977
6387
3810
5749
2948
9813
1203
6212
164
1129
5364
3409
4218
1205
1385
7117
5685
1036
2230
490
5634
4275
1465
9154
2446
5215
205
1539
5179
8277
7310
5048
816
7145
3407
1163
7994
9286
2324
8894
2589
8304
6344
7094
2239
7316
7524
7671
8664
2132
6241
8567
5937
5374
7160
9926
4641
9629
386
9986
9118
6137
7995
4086
7938
4469
3005
3463
2822
5019
2096
2214
7576
6949
1691
6746
1931
605
1449
32
6688
1691
8578
3978
1017
7925
8578
5301
615
5517
4978
1533
3321
1163
7212
5564
2802
8534
4340
3212
7247
2335
7040
7700
4524
6385
4240
3971
6406
5275
9566
2905
8566
1809
7298
5106
5177
620
7510
1857
234
575
4105
7342
9484
5500
4207
9805
7306
7885
3090
3725
117
3943
8511
7873
3541
1854
2396
7253
8269
8681
6161
4882
707
1113
5751
9660
8735
4331
2010
6716
2491
6873
5752
1164
2541
7259
8912
663
5511
6882
3018
408
2804
3822
9047
9835
8325
584
3482
2825
7607
7251
726
6786
4008
5404
4374
4578
4566
1269
7214
7340
1562
7419
6248
7892
279
7758
5769
6251
3248
995
1457
4050
2720
5211
558
8842
6919
1900
6678
5986
1277
2882
7113
3779
4795
8641
1759
2055
6396
2101
1501
8478
1235
1845
6746
1649
1822
6367
7755
4152
3740
6941
8240
9344
2046
9400
8523
7238
3483
9681
4177
2630
4420
9401
2018
6261
2010
2347
4098
7444
2932
9995
4654
4517
5677
9985
8333
8547
3296
8319
9288
8058
6374
3536
2856
6191
2846
657
7295
8107
8571
2191
2330
5008
3823
8648
6240
6474
6769
5519
5647
1560
6285
9546
6827
8996
2470
9483
5402
2413
1961
7431
6124
3973
167
89
6119
4563
2923
7534
6491
1119
2547
792
1850
9068
64
4149
3460
8093
4318
1560
5274
8700
3670
2160
1089
3352
1315
586
7662
4341
2693
4682
1945
4793
7491
8168
2134
2131
4119
3122
1721
220
6927
6978
1184
3652
5885
6245
8507
6854
4998
43
3274
5639
4297
8752
6554
5193
1309
5382
2369
9107
898
6457
7903
1525
450
2572
8775
3453
3675
6494
8769
5487
4363
4670
7668
3172
676
5296
1554
5198
2200
3848
8164
9483
5344
7299
9527
3954
76
3359
4489
779
6210
9550
1611
842
6659
9775
7662
3091
2130
8036
2592
6660
2659
7008
1128
4021
3140
287
7860
2143
1992
3250
4782
8569
9
5134
4383
4058
765
4198
7492
7057
3355
9431
6894
6728
3111
7119
7759
3481
219
4324
9917
8131
3776
2934
8244
5754
9166
4738
8377
1131
2278
6642
6190
7479
8369
9947
6202
3621
1830
4085
6808
6257
4930
8671
5340
3508
1668
6747
9633
9345
4722
603
3215
5267
4878
5778
7574
8912
4408
4684
1847
1210
4247
3540
2143
5762
5144
3733
3073
2626
4294
4140
583
6529
5032
1430
9861
8597
2989
3900
4573
5899
6234
1024
4778
4974
5722
9292
3979
4392
974
7295
2233
574
3649
1654
5126
2506
1655
760
1441
9183
904
235
5731
6797
5706
1833
6956
2725
8951
7179
1506
3608
9897
2813
4342
2776
3652
1103
7003
4716
1130
7462
628
6109
7171
5087
9910
268
4429
4850
8913
3706
7754
8593
5849
1915
1460
7246
7599
2084
3220
6969
9958
6002
9343
2371
2765
9322
4517
59
9756
8973
4836
8191
6660
4370
7761
7966
8383
7590
4745
1954
8024
9753
2959
9636
1169
6513
4949
563
3935
8385
8676
3545
6328
1082
1817
5586
312
1466
1596
1404
7196
1800
3057
4619
7524
2738
858
2662
1338
3793
6865
3880
617
2157
3977
2426
9021
8693
8994
4111
8963
115
4131
2857
261
6631
2799
6081
6773
2417
9652
548
6232
6805
9697
6011
9305
5342
1821
5035
7258
6264
1870
6259
3266
7922
2372
9021
3053
6121
8636
6041
5764
3308
6989
3713
7421
125
102
9050
4969
1512
3020
9994
7250
2848
733
7204
5031
4390
9871
5548
9036
5398
8034
8295
9337
9606
2873
9672
4250
7871
5909
1757
134
1616
652
3060
4418
6741
2708
1833
1268
3456
3106
7639
7988
8308
3648
5610
343
4410
1184
8345
7309
9061
6345
4854
9070
1615
8454
4984
2267
3144
7584
1849
6411
9546
6190
9916
2523
8571
286
3093
8478
1540
3594
3
7104
5249
5929
2930
1982
6985
9075
172
4110
8673
6637
6524
6849
800
747
3002
293
4813
6837
2744
6895
3352
7228
8484
9231
8656
9666
4700
3962
7989
7799
2080
1722
3042
5354
7749
9887
8524
6315
4369
2808
8635
6111
4454
3072
9039
9910
2143
2693
9794
3905
4108
1710
3271
4951
7704
5468
2990
482
5662
901
4960
5819
592
6233
4794
5972
6724
9852
7371
5518
7090
3713
4863
6361
3649
7108
666
8178
6925
2029
9903
8980
4694
9248
2189
363
3528
4043
4088
939
8666
1547
801
1868
4072
1579
2628
3926
4391
2947
2447
3412
3621
1986
9596
833
4598
4918
7440
7947
8757
6132
3485
114
9433
5164
4218
2351
7714
3207
6560
7165
8766
95
4826
9143
3023
483
1018
3866
1995
7890
6869
383
1116
6630
99
6532
8840
1383
5240
3504
6557
5223
5195
7447
33
9012
3356
4332
4524
7229
7877
7598
1884
205
2983
2914
5641
6845
5
402
4638
9392
6062
848
6460
1672
6986
737
2422
1406
523
3276
3194
8775
287
132
2474
3777
1871
2498
7321
833
8290
9721
724
7647
221
3652
7928
892
7061
4500
4175
5627
5894
8992
2790
3882
6961
8606
2214
6080
370
5787
8382
1069
3939
9949
6333
9585
8541
289
3142
9440
7911
6127
5988
4749
7184
5911
8202
4630
4139
203
9833
5233
694
3878
6417
4685
2082
4173
803
8471
9748
1590
3448
8163
4970
6354
5223
8834
1330
9207
1896
7300
7016
6698
2054
8910
6326
2111
3204
9183
2884
84
9663
7233
6741
2048
1432
976
4743
4778
656
471
8105
3701
7567
7129
8945
4672
8134
7027
7325
8159
5845
6808
8920
2325
7864
7687
7585
379
4960
3243
1515
2303
6678
4884
9316
4185
3036
8718
9179
1758
9799
9851
6694
4562
3542
3226
4968
1602
6240
9280
454
5964
5391
6385
8115
9651
7606
7781
3525
1398
2498
6405
6718
8848
2311
2948
1427
5881
2015
8294
8078
5484
6697
5157
6303
5832
2643
2586
7402
7424
5868
4240
7680
6763
5227
9554
1131
9633
6009
3722
1426
7676
1280
1385
4573
4795
6352
759
2096
7381
2799
2778
7069
8732
9510
5889
265
7947
4845
4767
9722
338
671
2565
9037
6112
6540
2079
9872
9670
6589
5478
5389
6766
9795
8424
3364
1574
3795
6691
6715
6637
1524
1011
2244
7650
6471
6263
5447
9502
8102
3911
5419
8917
1599
7432
8010
1282
9412
7450
5306
9380
9884
7550
3469
7560
5141
486
424
3396
1455
3650
6979
8355
8072
3827
8131
7541
8378
9738
1574
7242
4082
9453
5825
9614
2945
802
2325
914
5963
2930
1867
4581
9463
3053
722
6664
8256
2257
8890
224
9886
6027
8883
1873
962
6476
3849
488
9360
9793
2893
6224
3018
8706
208
4939
3927
9865
8466
1829
1832
4754
2646
1628
6019
7857
9169
4426
2144
4008
2375
5737
8261
3763
6135
9707
8835
3322
2518
7212
7180
4809
7217
5352
2597
6705
5447
7374
3556
5044
3179
400
2345
2273
3410
8656
4999
9429
1001
4313
1964
1824
7336
1893
3503
3410
8954
1996
8291
9583
901
7716
8164
2706
2216
7183
6555
6469
9587
524
6913
1744
466
7237
2514
768
2940
2114
1002
6395
7315
3442
4231
4752
5607
2411
4215
8677
92
5807
154
6687
3193
3144
9928
4604
2941
1791
1443
176
9292
4881
2908
6774
6748
3391
1809
4023
7089
6242
3066
6080
2834
250
1603
7025
3330
7640
2546
1002
5716
9554
1063
3638
7860
729
5143
5012
5694
34
8855
6436
6072
6142
8285
4938
8500
7867
2383
303
9894
6905
8697
5844
6552
8391
4258
5911
1604
9546
6944
1314
9989
5117
7374
978
4914
8146
8771
230
3702
1752
6665
1040
6777
5383
5730
5615
9574
1495
25
4714
5844
396
3438
1289
6852
4309
9163
6746
4537
6849
4548
1861
3451
7068
30
760
9339
4740
4452
4501
7631
1851
5698
3495
767
304
6100
16
7212
1833
1588
1310
757
1744
48
1885
943
4098
6474
8247
7259
4572
2202
9548
5718
8716
4847
4065
3749
4688
1888
462
7581
7930
4262
1293
377
6172
3727
3088
5529
5334
2892
3410
3197
9194
8270
3010
8101
6315
7018
8864
4000
3439
1925
504
9732
324
3628
4524
4189
4712
4137
9814
72
3774
2994
5528
8208
2605
5940
4084
8839
4289
1062
305
5474
3043
5233
4219
9251
9209
3586
9092
1054
223
4759
1400
82
4479
9069
4485
460
7701
6987
7759
7955
6393
2569
9109
3646
705
5632
6751
4235
6037
305
8690
9372
8318
1336
2989
8964
9443
8859
3486
7941
9502
4316
5911
2993
3168
2552
4476
7476
1563
9807
7911
178
6679
9314
1610
8464
4530
2234
3481
4249
9459
1576
6356
7215
4423
684
4468
3723
1170
3387
3864
6676
5598
1972
5561
9722
9271
1761
8426
4517
5959
161
2367
9233
7574
262
5072
5251
6179
9803
9777
5939
7552
1086
2396
7402
3954
8734
9733
53
7199
7631
9416
1791
4027
1093
729
5151
6846
9470
2432
5019
7206
125
8904
5822
4482
9736
527
357
9215
6109
1613
9491
706
5977
5467
9548
4615
6063
7222
4009
4508
2594
2274
71
5973
2076
3051
2941
8604
3620
6819
2296
8628
6625
1556
7851
6038
2945
5810
7127
1912
9896
2171
3799
5509
2756
5024
1357
1792
5876
7554
5881
2517
2164
1649
4260
6203
1803
8101
1534
2704
7945
844
5323
5145
5358
5757
2832
867
8652
7794
6990
2091
7502
8619
56
9202
9444
5567
2560
4305
5275
1957
3768
7828
9881
7188
885
4332
120
585
9228
6441
4949
1748
8817
5610
5715
8798
2480
2893
8574
6988
6624
2020
9151
4666
3297
6647
5417
8375
1899
7441
6599
3635
6301
6573
7098
9476
8613
5075
7270
5138
9769
3767
4466
3537
6726
263
5032
2966
3366
7813
1276
2475
3845
8513
2668
1062
3255
4762
5184
4252
3799
5897
5737
4654
3568
4050
3138
4350
7810
3845
7787
2750
5377
15
9131
7444
2859
5616
4803
3839
7584
2354
1794
6084
5981
2170
2021
4299
9116
7297
2059
6752
4322
3817
1013
5580
3734
1211
5554
4565
8065
5342
3895
5899
9474
4539
6753
2225
5741
4361
1043
62
9966
5032
964
3660
2769
2003
8801
9524
4940
3837
8319
6714
8051
9054
4611
8966
1325
6967
9664
3435
6036
3666
5360
9756
5442
4267
6457
3787
5476
3816
6274
7688
5919
9159
3735
3199
7107
977
4802
9406
1830
1140
8019
7945
8196
3418
7723
2469
4973
9012
6653
2602
2928
1215
9710
791
6570
9790
9088
2666
5496
4180
4489
8236
8389
2421
1036
4824
3065
9325
8552
7294
8493
8656
6485
2748
4158
6904
6652
3248
7407
5789
3445
3253
2177
2292
4150
5013
6870
9923
6072
248
9051
9193
6807
4561
681
7880
9327
5955
3093
2600
2714
5032
216
6623
2700
7585
5368
313
2142
3210
1635
1602
9590
799
6746
4299
6377
3883
397
1891
5084
8097
5675
2697
4465
4749
7230
6194
8852
6574
8149
6427
7103
3884
8408
372
9898
6182
3188
1153
3638
4971
8280
9968
3097
2760
444
4067
626
4887
3580
6277
8357
4870
760
746
5929
7571
1535
4939
9621
3912
4591
3538
1710
1514
9588
2508
8304
8775
9290
8643
1657
2487
728
5791
191
3131
4984
8498
112
6531
8260
2834
8991
5729
5415
3141
5290
1942
2679
7254
8659
1556
2231
573
380
8737
4943
9101
5802
4841
5278
4099
6562
3452
3894
6187
4047
762
4896
9470
8472
9124
7214
4553
7588
8751
5625
9438
4306
6348
890
5618
4709
8894
3367
6442
5095
9377
2343
7649
8224
936
957
5396
8216
5874
7487
1446
6919
548
9174
2493
9205
1529
9560
8112
4375
4276
2591
6926
9310
493
3750
350
243
3297
9382
9637
9808
6690
2815
2974
2067
5633
6897
3870
6954
7565
4787
300
7260
7350
3649
8312
5683
3822
3586
3051
6681
1930
5574
8950
5869
8151
4264
5453
958
8331
8922
6643
5162
7817
2141
3680
3527
4524
5275
6346
1734
9581
9632
1976
6815
7117
6827
5625
5410
140
4224
6626
5206
8085
295
1393
6201
5639
4464
8595
2168
8751
2755
7680
8957
2650
6728
4738
6079
1522
2058
1291
14
1312
6810
9176
977
321
6975
6407
5395
3973
304
492
8273
7720
8966
6728
6555
2557
8033
2932
4225
56
3192
1228
562
6649
621
8924
8200
3239
7994
3803
1351
3717
1749
7148
7320
1610
8145
2020
8340
2904
2595
6934
693
9323
7698
6787
9973
1020
733
7163
7560
9794
4349
5714
4553
4669
7887
9641
3661
6211
9491
3671
2775
1319
9281
8522
2121
6415
7302
2434
9327
3858
1204
9493
1865
4332
116
2948
5595
2241
8466
7500
544
852
4200
1404
5731
3269
778
6314
8615
1789
5803
1884
2908
682
4443
2751
7585
929
6824
1903
9645
9346
3971
7078
5394
3713
9321
3370
775
7397
3263
6157
1730
5378
7620
765
8356
9555
3641
7479
7676
6566
5793
4093
7892
709
6608
5504
2417
8833
1361
2411
6190
4664
405
8806
4005
8569
5698
1566
2863
5962
3256
7858
7973
7564
7353
7478
9448
8571
7271
2607
5568
8030
9152
5623
6096
5319
8084
3768
4232
3283
1233
9806
937
8005
6492
2071
7802
872
2946
2237
6013
5430
1652
8495
4229
2818
8265
3084
2935
8681
4926
4089
6631
2048
8540
5342
7349
8623
1405
837
1831
3446
2122
8072
8603
3874
8821
4517
5700
411
8301
3093
8080
2459
3147
5450
6611
6170
6104
349
7254
3257
8318
5312
8811
9150
7653
3300
4992
441
1928
2318
2049
4268
8433
2044
4562
938
8700
9189
2741
8772
6800
9604
7784
5285
7604
4021
7777
286
1453
893
4079
5588
3308
9239
8550
917
8551
2744
1275
7095
2160
3019
7077
849
4373
908
4904
5371
3680
3431
4719
3941
1985
4383
3503
1121
8619
9414
6051
4696
9805
1603
3512
7722
3089
2454
275
1750
9720
2247
5886
899
4432
128
5664
1460
315
6245
9816
7087
417
7650
3527
2023
8294
5663
2061
9562
9023
1979
2331
4545
6093
5970
3963
2914
2972
5815
2568
3683
2328
2551
602
3868
4585
6469
3236
6626
6044
2406
1230
6924
3076
8712
3961
3930
4780
9131
4895
7237
5137
4128
4566
8202
4234
4698
4124
8188
9176
2386
2911
3529
6210
5716
2214
4183
1823
1294
2415
8781
8448
6682
6700
7025
2299
4857
3734
3102
211
1434
3926
4591
8975
5484
8353
8968
5471
3004
6917
6298
111
1314
190
4357
2188
2902
9012
3667
7409
1261
5166
4339
2050
3330
5115
7019
7551
2171
6567
4248
6322
8854
4801
9224
5225
1062
5566
5624
4683
9844
1873
9803
4189
4152
270
6580
6036
5666
5924
2992
6631
1784
1147
550
7801
4101
4593
5040
3300
8736
2252
5854
4439
8792
7646
3534
4922
9427
1214
2619
2480
7940
862
2190
752
2060
112
8690
1513
2398
9798
3492
1067
322
9531
3807
8134
9240
7918
9652
8996
9023
4309
7775
4295
971
4622
459
9137
4931
5749
5392
5018
8204
1612
1981
5237
2588
7848
7782
7821
7619
9966
1370
366
620
9166
4292
6560
9288
839
4340
7626
4807
2795
9291
1173
1541
9667
9253
3190
6970
9881
3245
9525
9478
4897
5466
437
105
3624
7049
6906
7486
1812
9885
5094
9638
4384
6666
4314
9727
9771
9772
3727
6885
2864
25
2822
707
7646
3415
9191
3322
4641
7106
5300
8881
5948
3303
8806
5230
4470
9488
8987
4700
3827
3944
2385
9326
1694
5591
2711
8223
2988
5540
8298
1595
1910
277
2267
8731
2585
844
3866
1861
5049
9656
1107
1304
284
3557
4776
4538
2875
939
525
4905
5772
5590
3561
3326
264
1930
9741
138
6680
7589
6798
6947
3664
8739
137
2177
977
5804
3488
4941
3163
8649
8564
592
4876
2290
8113
1185
2296
9264
9141
1333
2241
7523
9693
8058
8443
8465
4771
5941
149
6881
411
2140
200
3283
5417
2038
1722
4643
6857
6554
9713
4025
4335
579
3924
2131
7189
389
8893
1399
1794
2429
4185
9419
5721
8317
6902
1412
532
4333
6915
5603
8195
6706
4079
8089
9788
1622
9621
5686
7600
7928
9420
3612
1799
2066
795
4530
6750
5369
7925
5717
7368
1799
2621
2234
9566
3484
900
5115
4883
1595
2401
5874
8046
5318
3275
6954
7391
1790
9004
4562
3110
7929
9518
3016
3619
1177
8227
2466
6513
1770
2523
764
9200
5900
4309
1997
1167
6463
5918
2895
7983
7191
868
8517
6541
941
1283
7906
666
5012
7117
7872
2150
7446
9113
7379
948
4400
4983
7710
9459
8786
5602
7210
8700
6806
8589
9690
5086
3679
8387
6504
4281
5640
4036
6573
6941
5332
4778
405
2026
1025
4413
1431
1754
3309
7042
604
1293
5673
9753
1470
1138
6201
2359
5666
3929
710
1351
4319
2994
3769
6500
5536
8376
9616
9112
954
2265
3503
6813
4332
8647
8221
8712
9399
5786
201
7925
7439
3183
5950
5385
6471
5768
8038
372
5524
7455
8468
4093
2627
3332
9596
5262
7119
6100
1257
3941
9870
1531
35
5742
4665
3320
7479
6134
6849
4001
3393
8050
8969
1011
919
9831
6842
3612
6973
3846
4635
9731
510
3314
6317
5876
9100
4189
8889
2114
6473
4150
5255
1450
5765
1213
3630
6138
5594
6897
6102
8655
9178
5742
3027
5876
3578
8211
7028
7854
5861
330
7467
8487
9916
3705
5018
7222
6794
5934
230
832
1407
6329
2236
5514
2442
3423
5239
7949
9122
2099
2119
5332
5795
339
3521
2245
2505
273
5709
6824
9638
7063
4453
2921
6416
6374
4463
655
1522
9847
3725
1236
1727
6197
9263
7899
9533
6217
5985
1396
7911
1022
3592
5598
7624
8082
3374
339
9313
3995
3136
371
4545
562
9461
3515
9173
4795
3527
9578
427
2313
6369
4365
6577
1912
9555
3338
9852
7929
1903
2281
4430
9466
3024
1436
1885
262
356
698
6583
1605
1692
7987
535
2354
5624
3218
7766
6890
1300
4128
6284
2936
3513
4362
3037
8345
7631
5788
1389
8439
7065
7550
2180
546
3666
1855
3256
4488
2481
328
5560
486
2603
7543
871
6066
1885
9304
3461
9650
9313
6000
5958
9086
1108
6319
6942
2049
4388
3059
1483
6678
5318
2089
2152
6439
17
5994
9233
9547
6017
5444
9052
7517
9669
974
3149
5454
1324
5564
9457
2909
6821
5503
7787
8318
6661
7503
2493
2106
9751
450
6577
4343
8424
4132
7936
5091
9076
1606
5623
6307
98
8470
7999
7865
1960
8023
5812
4365
9746
9903
8324
2619
3963
1109
4700
1645
5899
3849
6994
7036
3278
1836
3067
9411
9753
4825
8984
8169
977
8535
7152
2023
384
8689
3419
4659
5264
8627
2487
6556
4274
3111
1803
5108
9123
9298
2438
4457
3278
8846
4034
2745
3704
5595
5012
2217
1272
2794
5362
5792
166
3800
8198
9908
5115
3374
2838
2587
1633
9867
3502
6331
1225
7889
7140
3960
5958
8140
4362
2495
8584
2372
2636
5156
843
3246
7444
4283
8020
1148
9291
9714
1235
7095
8873
1436
17
2389
824
2569
3753
6546
5181
9980
4308
1490
4877
7597
1991
9782
1110
3866
6974
4066
7859
7025
324
5032
2622
5871
9077
2821
5702
7719
510
8875
8345
9476
3028
5685
1369
2705
5194
7226
12
579
9562
2263
7610
1053
5148
5773
7203
593
4213
3472
4034
8199
1787
2295
17
7165
3637
3512
5328
9372
2003
3674
2849
6720
7101
6750
6786
6197
5334
8173
6257
9006
9238
6851
8628
9048
73
9888
9406
536
403
7077
531
2447
8545
7264
7021
4245
5551
4816
4793
5519
7228
8141
1414
5881
5121
347
7915
8232
9699
5785
9619
3907
1511
3188
4206
2376
9854
6007
2468
3889
5146
4420
4045
248
5373
590
5329
5149
1404
4616
5870
3541
7050
3094
6715
1839
9958
5012
747
9951
1998
6270
2845
1417
8626
7341
6921
3878
3940
3367
3078
257
2554
9593
1003
4235
1055
8807
5418
548
8632
1323
5599
2924
6961
3796
6021
1686
3934
6288
5787
3413
7278
5489
2463
6428
8387
1836
7693
9918
7245
5883
5855
7130
9227
3172
7720
5984
6874
6560
1417
8289
2115
7086
6615
320
7740
6715
8511
1966
2516
9968
3278
1771
8487
8868
4291
4455
9402
8628
1258
769
9099
8920
1968
8964
3262
6751
7123
4409
3448
3173
8372
8228
7121
4221
3119
280
4679
3702
3363
8643
1103
1980
9537
598
7059
8057
9462
2722
326
7495
3538
8093
9693
4784
8968
3536
1701
6172
3923
309
3170
3158
9299
8471
843
493
7541
4057
4680
9871
3237
9515
2276
5735
937
8515
2390
8823
1459
1988
5405
8828
8414
9882
6347
9424
9574
1502
951
8105
3010
199
5892
1692
8162
8490
4453
1263
9154
6530
6770
4039
5054
7926
8671
8851
6298
5918
8631
951
7742
7695
5729
9473
5887
9679
9504
7364
1614
4304
7662
9017
3498
6209
1661
2507
7006
9587
5600
2995
8379
7300
1112
4930
4495
2755
5482
9605
101
6848
322
5645
5428
9626
7297
1800
2812
3233
6363
5627
8873
468
6111
8498
1395
4666
2139
9210
6868
5819
8635
6832
5210
7337
580
6009
2143
9249
2776
6916
9875
2231
5847
8843
1856
9769
7533
3511
1960
4807
6833
8581
4807
4834
9874
4492
2998
6443
4364
5300
9353
4040
9109
797
7402
905
8577
730
2973
3383
5159
1773
2604
3076
4068
6660
4731
8197
9412
6582
4383
2343
3734
7549
7705
2662
8466
8058
5202
7101
1943
4814
5401
6555
4315
3502
837
3326
4658
1347
9745
5368
5310
3551
7275
1963
3222
2251
1198
1184
470
1054
7804
9721
2605
6380
6442
3103
9058
650
5530
6832
8831
609
7505
3161
7777
7469
7300
4614
360
4121
1492
5658
2892
8367
9825
4839
5223
7321
9941
7890
5351
7991
9223
8396
5289
1798
9710
7170
4741
3083
3965
7876
2088
8737
2474
9682
4944
3353
4398
7394
2036
5520
3192
4341
8086
2727
4806
4166
652
923
3362
772
5969
6880
9021
7617
7662
8487
5402
2801
1783
9635
5499
3687
3133
7972
8750
9034
906
9324
34
3007
2105
6836
3105
3571
8322
4343
2253
1608
4273
8545
5616
8254
6581
6187
7776
6392
8268
9530
1039
7697
9738
6254
789
2670
4594
9928
3502
4855
5984
1434
9142
4596
5667
5771
5057
3464
44
7213
6398
519
113
1170
1782
5791
7198
5712
5201
934
7336
6809
7669
254
3681
9259
6596
5505
2783
7930
6311
4601
5009
7112
8311
2891
5945
6325
5914
6978
6799
2929
2468
1629
8524
3010
8998
332
6082
3003
7360
310
9907
6412
1757
2502
9104
7741
9091
7879
2244
3916
7086
738
3539
702
7212
3854
461
8988
2764
4634
8969
6938
5495
6883
9532
7951
1391
1145
5268
5777
2478
6354
6924
1517
6801
900
5842
5034
4670
4179
1276
5540
883
8142
3666
4276
7344
2274
4171
9097
2197
5912
8734
6711
3558
4866
1880
8292
4537
9229
7086
6434
9375
2171
889
4081
7480
7831
199
4647
9771
7462
7918
9560
2012
1313
3361
5711
5929
5925
3066
9069
2612
5012
4796
3409
177
8939
8674
6906
3812
249
6422
6929
8986
8641
4180
7484
3746
1866
7220
5360
7112
8366
8638
1000
6339
6779
7585
355
9542
2029
7701
309
9904
1899
6325
8599
8596
9204
4955
8931
194
7450
2110
3106
3009
2406
8478
8386
1912
7396
7358
5698
4969
2230
6315
7515
6972
9710
622
8783
6437
4917
2553
850
8963
732
5927
9427
9028
9857
3967
384
1645
4488
6520
1593
4633
2997
4700
6968
9089
6824
1853
1436
9199
9891
5364
5033
1209
6175
1383
3927
7510
9975
454
6920
8529
8319
9434
9964
2341
5655
8986
9789
8402
1250
8992
4967
2321
7955
2925
622
1376
4289
5717
5773
3183
8029
9229
4564
3599
8751
1292
7134
5065
4093
592
8224
1488
8198
8206
6287
9598
1228
6313
5568
570
5152
9063
337
854
5601
9891
697
2216
3428
7889
1809
1044
82
5501
930
3854
7662
1709
4569
1292
5470
3583
8231
4096
1756
4117
3927
9692
3686
1468
7856
634
4283
4753
3110
8663
6111
4419
349
5597
5891
4134
4845
112
1842
8521
652
4814
2521
3447
6892
4362
9445
3637
9597
6209
7355
6255
3137
9107
7301
7986
1063
8300
5813
4836
9730
8907
2913
8934
3930
1493
3549
8517
3506
8297
9532
5037
825
238
9812
7003
5876
9860
4508
1922
7452
5136
49
847
2633
9937
9513
7042
1352
5117
9360
209
9772
3152
3879
3622
5683
3440
2353
7196
6445
1874
9482
1360
7797
1321
4094
8532
512
8318
3704
8462
9222
6165
2867
1833
8094
1397
9050
3383
2123
2010
4232
315
9658
9318
461
5693
5621
1342
6196
6300
7183
7469
5127
9561
2967
6510
4764
5266
4823
3178
5749
6467
9133
9144
2071
264
2334
7498
9028
1609
3184
3427
1971
9376
1451
7908
4066
9245
3370
3595
5505
7361
8446
5428
6463
1151
1609
1023
7690
7385
4979
561
9278
3825
1160
7541
6749
148
2188
6724
3502
3032
532
7496
7284
1527
781
2486
289
989
8181
7476
690
7310
6577
4198
8452
2587
5424
2830
5061
4762
7692
7613
3965
6781
1035
7904
8462
1363
3088
4901
8330
9902
2840
8366
6821
3992
3407
8057
243
5062
2719
1401
8280
9712
9154
786
3182
4583
7445
9007
1734
6920
4451
8713
4159
8773
8157
245
6850
83
3617
6906
906
8857
413
800
2773
1541
9355
9128
6268
7940
4213
5286
4060
6689
1110
9674
8981
7956
493
3350
4890
4321
7126
2036
7676
8010
7670
8087
6902
1761
8185
5809
2519
2375
5332
8247
4456
4792
7010
1716
97
529
6759
8990
9448
4852
9518
6381
6057
6533
5816
7049
6765
6649
2583
3780
2470
659
9304
521
5327
8441
3671
4442
4003
1829
5118
2581
6262
3436
3233
6779
3724
8621
6258
1915
287
7795
8366
2695
9745
8061
9576
7307
2952
649
336
3737
6315
6453
11
2695
3889
4654
4264
5987
644
2712
3742
2112
4140
4985
1450
1536
1160
5890
3183
9906
2987
4918
3989
2521
9237
8868
9378
6607
6850
1422
2248
528
966
7983
7634
5806
6150
9957
5334
8778
8841
807
181
903
3552
3691
6963
2769
7160
4487
9957
4046
7391
5368
525
3535
5917
8076
5907
5538
2190
6817
5659
7897
3738
3292
262
2258
1497
8377
3093
7336
8055
5532
8730
9383
8277
8272
1957
9560
9892
4771
1774
832
5904
3872
2467
9435
9820
9408
7482
2113
9940
342
1857
7002
835
7274
5257
9468
4394
6529
3153
8510
6601
8655
531
2597
464
7533
9076
5489
5135
2028
3868
4444
9312
8534
9277
3132
7240
952
2266
3233
9506
691
8198
2368
8443
2873
8194
4487
1480
978
279
3314
8102
954
4175
1419
7875
132
5820
4801
7882
1254
295
2694
6421
1230
7426
2103
5574
1204
8050
5365
6993
4226
5297
8097
3595
2824
3609
3040
6710
3762
3279
3163
7383
804
298
8199
9989
7797
8383
7744
8474
1946
1789
5256
513
1645
3165
5008
9416
9151
7400
9819
827
3599
3683
3703
4398
1380
3112
5399
542
162
5212
5291
8895
118
781
5369
4
940
5014
2863
2007
2144
9221
2331
2359
2275
5725
2825
5336
5172
2258
3191
6279
6123
4056
8501
1569
703
387
3758
7987
8395
6112
7172
6292
1568
5388
7421
1156
4568
4039
4003
1831
6288
5042
8896
242
6066
3022
5058
8709
4573
9348
543
8137
9719
4604
166
1863
5848
8884
2680
8556
555
4373
6541
6686
4358
1734
3150
9906
2293
4247
96
3211
9215
9939
5542
5277
3436
4683
5194
8247
5084
2352
5376
4054
6509
8920
7122
6075
5697
3555
9508
5449
8655
9739
269
8478
1985
8418
1686
9194
6937
4546
8434
7495
6072
897
8316
6813
4293
6726
2931
9075
5537
2184
7273
3370
2269
6073
7381
1901
9541
5071
5025
5888
4289
5066
5667
7292
8140
2517
9730
5993
893
7161
1122
2869
1111
8224
9901
7850
3503
649
7561
1582
3506
1336
2419
5326
8257
8779
718
4781
7810
3997
477
6460
6047
139
9927
6361
8445
9463
116
8383
7891
4007
8069
9567
5037
1966
4574
3691
5130
57
6086
6836
361
1255
8880
7450
2036
3205
5856
3210
4170
9796
5139
4062
9760
9391
7088
6350
9318
8531
2888
3060
6899
2711
3501
2824
3339
8389
87
170
3973
218
256
216
6613
2681
6518
250
9134
2
1172
3524
1415
8177
7514
80
6738
1105
150
2819
2474
3678
4299
1160
5466
370
1631
6686
7904
5525
2306
6976
7929
5358
7169
86
9962
8833
6663
3284
5530
6190
3837
9724
8577
881
7635
7484
3803
5226
5850
3091
6633
1920
649
6468
6325
2289
358
3173
8311
6020
7352
4076
2482
3229
7695
565
6185
7613
5795
2572
5278
5705
6178
2923
5932
414
1122
7977
3433
7155
4945
8801
6419
7954
1076
5203
8380
1391
8506
8117
6645
1443
4928
8085
4853
642
3345
5187
7826
6722
3587
7778
8066
3525
5342
242
2952
4837
8140
5683
5887
4876
2984
3121
9626
3387
5903
794
4471
3098
1170
5825
7757
5583
3139
5022
9695
6131
4823
4976
4697
8797
1032
5130
4611
9663
8282
994
7645
2660
7190
3013
248
6413
9105
9598
4512
1429
4714
9765
3508
626
6202
8588
7942
6869
3810
1496
5885
3345
6555
2230
8318
7009
2044
5083
7857
2789
6686
8254
3453
805
5453
4351
1717
8375
9482
9228
9341
2916
5563
1439
702
351
3020
8153
4976
4948
6011
1539
9625
1300
455
5529
1029
5346
9121
7868
7070
9541
5842
3435
1467
5161
8284
5124
1610
8184
8549
7394
6905
2227
9868
6802
3155
1794
9024
3407
1519
850
6269
3260
2905
8086
8351
8094
68
3386
7945
2955
6728
8121
5661
8862
1048
3749
2922
2408
5812
1708
7992
8165
9357
4743
6753
9414
6257
1281
8738
2608
9078
364
3390
6768
3817
2553
1757
1217
591
9846
6500
7867
5788
6455
769
744
5075
588
2286
4395
5795
5136
84
2059
6585
5144
1459
6091
2377
5241
9339
9764
3764
6400
678
6957
2577
898
4022
1142
2598
2971
2087
3535
6164
2542
4406
2316
3357
9667
7959
3761
5986
2479
5947
2314
4505
9937
9332
3011
6593
2826
734
6059
4967
9108
4507
1892
8419
7260
5645
5205
6399
4027
7693
3736
6837
4909
5917
1650
959
1631
5203
110
5821
8987
5137
6836
2455
9656
3167
4471
4830
2095
81
8869
3877
2753
1372
4512
9296
6352
5612
1487
2097
2861
2594
4727
8116
6139
8278
6555
4990
6507
8204
169
9272
3539
1707
7119
2245
3297
5789
1144
220
4232
7191
5698
5389
1546
5656
71
7765
7399
6959
1500
5858
2229
6934
3994
5761
4681
4450
9680
754
8950
9640
9752
7280
847
8475
2832
2183
1538
4440
544
1618
6277
5818
500
7495
6376
4826
7496
8382
7184
9751
8118
4324
1455
7863
4550
8058
371
3714
4591
5485
4949
6401
8363
3614
7499
4908
6380
5668
6805
5664
6189
1409
5629
367
4545
3065
7519
9836
1599
4099
716
5653
6095
2581
8856
7727
7675
649
5127
5410
5140
2038
1609
3059
5176
2219
5780
636
9144
9381
956
4253
7705
7661
7140
5575
3626
7942
9401
1768
3917
6546
2011
814
5390
3686
2072
9648
3173
4248
1724
7912
7152
1761
460
4018
4832
1645
5957
8662
7961
374
4451
7488
7906
1654
4598
6088
3934
1264
3610
8024
9017
7864
8514
3351
8634
1506
5907
7333
2174
1191
9563
2056
234
3613
6278
9241
7883
9163
7509
3803
9011
7599
4470
2701
5696
4958
5453
9903
999
666
9202
3882
7179
8105
7037
7910
274
7894
2183
4204
5309
3824
549
2912
1541
2701
8680
9314
5555
3310
553
3145
9008
8010
8661
6883
9291
6571
5166
7859
1734
2283
8407
7886
5736
4480
7190
7105
3439
1844
1134
759
6839
3348
10
6202
4911
3331
2079
3462
7477
878
3862
2898
4559
9284
1640
2768
3549
4013
4466
9066
5936
4815
558
7308
3904
9801
4424
4173
8785
3039
5436
3107
7392
6575
5664
3086
674
5750
5951
6298
1212
415
4721
301
2334
5736
7759
8249
1822
6440
5928
848
8997
9367
8155
3453
8366
8860
6464
8835
8831
7152
6241
8318
5995
5969
1405
2760
9706
4908
6210
8775
9231
9733
5879
147
240
7775
472
390
5278
5612
3803
5022
7817
5862
4223
8545
5440
2069
8625
8973
5013
7241
568
4174
9334
9202
7236
6147
5142
65
8950
6233
5665
9412
4906
2867
7938
6372
5117
651
9870
1775
6882
2876
7206
9939
1431
5904
6621
2551
5393
773
1016
4695
9244
9816
2469
7631
7619
226
807
6536
1570
9216
9361
1920
6324
6221
5995
7825
7195
8893
8458
1278
5598
9190
3433
2013
3398
3769
4567
1633
2177
5788
5094
4783
9423
2450
4754
5964
706
6373
5487
5970
5265
5517
4817
6584
3133
622
5042
8663
4726
9215
2869
8324
5736
8790
2186
4177
7487
9205
6367
3860
4795
2615
7858
451
5329
9303
2107
9875
9093
237
4402
2357
6771
5450
3883
973
8311
1742
5225
4720
1779
4347
9914
8579
3638
731
186
762
2340
2518
3643
2139
9456
5454
8231
223
3138
6955
8868
2483
4615
9972
9057
2027
8824
1501
5553
5292
9388
7406
9049
6501
6133
2150
4963
1489
7350
4676
9790
8100
4354
9047
7915
9797
6580
7763
2349
5587
6357
3946
2358
1867
2222
9019
9143
7495
2070
8768
2286
8694
6544
6943
3289
4846
2713
7001
3653
5584
3078
2926
3568
36
9101
6936
7787
9746
6206
573
2755
8650
2524
4221
2442
9543
2349
570
1135
6791
9811
1978
4369
8959
9190
5879
529
7040
3122
8582
200
7167
5844
3819
4053
2567
742
8765
892
4365
1143
7894
2611
2991
6910
8655
1177
8422
6699
7068
7874
2354
4242
7934
7604
5401
4436
1099
26
3146
5237
8152
5716
6825
5047
5013
3140
3394
2510
1655
2005
4965
4074
7667
679
9726
1955
4655
627
9821
6734
7677
6799
859
4794
6455
7669
8410
2106
8398
797
2531
8947
8856
3407
8204
9263
3881
2949
3172
4150
3811
7685
7400
1482
3438
6138
7025
5906
1435
9761
8657
1078
8607
7584
8209
9208
9650
8216
6706
9115
3197
8525
9860
7946
5424
7364
982
476
4806
3114
5289
6960
45
1968
6786
2856
583
6628
9569
418
8081
9973
3415
4313
9131
7712
2424
7967
3811
1988
6261
9851
8110
7767
5681
154
2969
7640
3647
5709
9071
2182
7556
342
4654
1543
5867
7541
8529
2489
440
9292
1700
1409
2862
9709
9705
4704
7727
709
5624
2024
2412
158
744
865
7557
4655
7006
477
3712
591
240
2206
287
8737
1104
6029
8397
6299
5683
6437
5390
201
5995
9134
7986
7483
9414
1691
7257
667
6273
152
6375
5630
2231
4343
6785
5841
237
2112
5925
3327
2943
2256
5637
8883
9232
2258
7611
940
876
1227
8109
1028
1765
5079
4741
6982
6982
6612
1933
6812
324
9508
6844
3691
6307
6092
8471
888
9177
255
7513
5100
3875
2360
8346
789
5196
9790
2709
5228
8183
7266
9116
5231
4833
6917
7495
754
9930
8905
7928
4478
6563
9242
4721
6436
4068
7791
3710
1432
3130
106
3652
1364
7479
2569
4658
1012
6903
3954
5384
5207
6030
223
1001
9179
4177
5213
5463
8576
4995
3621
8303
4333
7955
6013
6892
2111
8908
3796
6542
9007
5506
6433
3323
7789
9833
589
5510
6366
100
3461
1223
3135
9722
7235
1694
4966
7963
1032
9298
3539
8020
4975
7573
8254
7144
5292
9465
5092
5654
9321
9018
7661
9388
5158
5262
1974
3937
7954
2046
6447
8073
9852
2217
7452
4120
6902
8460
7031
8834
5899
9003
2367
9534
2107
1700
6163
4702
3610
290
5849
7082
7576
8830
3564
2385
4773
7039
1048
7710
3147
7712
4999
3589
3893
2514
1166
9252
8380
9616
608
8012
6783
8319
1998
7860
2820
7270
5830
5710
2390
9593
1089
7270
2633
4654
2246
1582
7526
9658
3146
7501
5251
477
1180
3273
4604
4354
210
3077
7674
2008
8408
8076
8309
9509
4292
4868
6434
7391
7455
5373
4840
3533
8967
4060
6074
6216
9613
7733
6210
9688
9637
8135
6614
9464
6657
5858
4388
1175
5486
8171
4129
6119
3583
1989
6027
9347
7357
295
7347
4172
6307
2945
2426
3936
6698
4306
8324
1296
2259
5694
6344
5878
2272
7440
3797
396
6439
8385
5808
2972
7958
8326
7261
7524
8350
641
8445
1128
7887
3300
6040
8392
9688
9234
6388
1034
2288
6105
9178
6713
9270
2610
4434
3925
223
3184
4795
2421
5995
9367
1490
7041
4148
2839
1412
6755
1986
9619
792
568
7456
6575
1701
667
4825
4260
981
5172
1812
8498
4549
3701
7877
1782
4750
800
4048
2970
8810
1009
6262
2596
983
9931
6498
4967
7986
6114
2963
500
8894
4510
6186
2042
8610
6231
7481
463
2371
2956
9056
9779
6986
6564
5308
8778
3617
8194
1227
2177
484
3470
2060
2407
2033
3537
4662
4135
4591
1954
2681
5394
6898
457
1037
7680
1513
9464
284
7587
1382
2796
6970
9772
8783
4477
2571
2970
6402
9060
8586
7831
1182
3931
237
5617
4035
7309
1813
6796
8563
3873
7506
7581
8892
3997
8188
8447
8560
2172
9883
7272
436
4946
110
7770
946
858
8236
711
1523
1587
2524
8937
1461
5683
9974
1108
1327
8689
8027
5675
9755
9924
5040
1187
896
2226
712
4530
6469
4112
6229
3457
8239
5897
350
1236
9145
9489
3850
9977
5092
852
5607
902
9340
7544
6621
5598
1315
8274
1802
2951
8894
6540
5498
5245
3589
7775
8512
3649
7379
149
6080
7298
8047
389
1353
4548
1922
6068
9627
7582
468
5784
6243
2105
9561
5828
9053
1494
7427
1605
8481
8021
9041
7805
998
5246
2487
9108
8757
8510
5469
4110
6249
9345
739
2709
2007
9468
4074
1893
5944
8577
7397
576
9732
4400
1947
3107
406
9697
6723
8579
4100
6776
5753
303
4199
8331
4954
8873
1189
1958
6848
4182
8217
8312
4701
5722
8686
93
6697
9599
4808
2947
2935
2964
4860
6705
5599
6445
9220
8478
1081
1037
5578
8011
293
4260
9321
3320
9437
3134
6597
6298
8112
5017
3140
8003
4980
7231
6849
7010
5588
1109
1884
2321
8412
2479
2680
5674
9285
8834
9285
6182
8414
3552
7460
8033
5656
5540
9820
1555
9293
8137
5224
7216
5400
7859
1478
1674
785
220
8757
8988
5100
8770
4650
5555
2872
2950
246
3349
8383
767
7289
73
2468
9674
5930
908
4991
4458
7869
9322
2982
3744
5254
7250
690
220
4684
9559
145
2356
7381
6533
145
8180
3737
8361
7879
627
9741
4631
5022
5040
3237
9290
5312
6834
3646
486
7819
4109
1687
6764
7399
5417
2433
286
3159
1087
9906
296
4109
4282
5497
7441
7457
7368
8916
3816
9945
3896
3621
1785
1082
4506
7832
447
9135
9500
7152
964
1108
1456
2178
5163
5115
4855
3697
7
2436
6113
6899
7176
9338
280
2803
2958
2270
6053
6659
1635
5306
8598
5996
1583
5465
879
7096
4266
6706
2650
1903
4485
32
5698
6420
6622
5200
4174
8107
7584
3245
7489
7524
5127
7998
8351
2281
4938
5003
5611
4091
5626
7438
1777
715
3332
1905
9483
7576
8255
1289
5736
1326
710
2645
8272
5125
5542
9313
2593
5846
7651
1732
4740
8173
8323
9738
4397
7216
872
9158
1229
6569
551
8833
3323
8898
604
9418
7404
9612
8075
4427
8142
920
4269
2074
5178
3604
5297
9027
6546
6613
1619
3418
9979
9093
8943
1444
5316
2479
1877
9635
6718
6048
8530
3597
7410
4641
9527
9485
5577
6040
8487
7105
9091
2023
3349
8294
8993
5473
1883
6389
5171
9733
7259
5159
4850
7184
4509
6548
4759
8767
5522
3916
3583
5734
8614
7651
6928
3093
662
5384
6767
1896
3602
8002
5410
4577
7754
1279
4465
5510
5425
3245
4200
7993
388
2313
728
3268
6591
9626
9838
5200
6757
5910
5744
9512
5497
2907
5239
8751
4583
6475
8409
7277
4139
7227
8895
7174
4156
4547
8283
647
4197
3968
6359
3759
6742
672
9026
7015
8658
8220
7261
6137
977
8694
9109
6629
5745
1992
8122
4685
4876
2594
2540
4956
6948
265
7727
1403
3850
7908
4703
3120
2699
5713
3194
1466
5054
8173
8290
9593
9514
9204
6682
9567
5844
5963
3058
6776
6565
4798
6870
5504
9547
5132
9134
3184
1307
6467
4116
5117
2498
1342
7993
7347
290
8831
5465
9953
9108
4748
3171
9789
5052
5734
8296
8909
2066
4479
5152
4257
9551
184
2079
9974
314
1434
4516
1717
3004
6737
1387
6561
7772
2103
762
7968
1664
3741
6128
6004
5738
9658
5047
2117
6492
3030
9357
8355
2929
3033
6852
4668
4899
5656
9044
9689
5321
4437
9219
8740
7635
5393
4498
8375
4825
9317
8776
1911
1134
3371
8562
8128
6365
3345
5328
6217
6635
365
2535
1168
9242
3141
4138
9485
8982
2773
8185
7551
4078
9343
171
9180
1343
8724
8010
8399
3683
111
5047
4326
3541
821
8866
6233
2728
1984
5198
9576
5025
870
3037
1811
8170
6489
114
7840
6846
3863
4509
2181
7623
7012
6169
5812
4627
1534
4391
9657
47
6737
428
6543
8223
6394
8245
9017
8452
1194
3100
8904
6903
2776
4974
790
5653
3976
6364
2433
1645
8944
5146
5190
9028
3096
2492
9839
2085
5069
7119
2807
5027
2703
735
7480
4662
4456
5968
2447
2618
8759
4041
1093
1678
984
6375
6713
2899
999
3779
4006
4274
4998
2696
3002
8735
7275
1363
6740
1961
1085
1443
4899
2346
2933
5906
5200
7103
5814
2392
223
4351
8445
1886
8336
1413
4572
6181
6399
3133
1239
885
2338
1588
3588
7170
4238
3543
8715
9178
8735
1439
5686
2734
7785
7605
3350
1381
399
8848
6064
692
45
5246
8130
5349
8125
9698
1178
5183
7520
2819
5201
5246
4617
3038
3411
2952
8533
8796
7873
9589
6330
7639
1142
3526
2299
3844
7205
4945
2822
211
4964
4227
8949
8328
5216
5964
4261
615
6912
7128
1753
2909
2766
1510
3782
2393
6585
5760
8846
9590
2784
2656
9546
420
850
6250
9031
5204
664
9794
3961
835
3423
3249
346
3880
6016
3752
4899
5432
2498
9834
9184
4940
2534
229
2790
5580
3977
6442
7530
2723
8807
3859
6053
6744
9982
7353
1226
2708
271
1547
9098
7654
8786
4067
6609
5026
300
8928
1130
4856
7275
7258
6774
4686
4525
4308
3971
2088
468
5565
4632
402
6587
9714
1522
4048
4035
9592
3855
1986
2635
9654
9200
6182
5378
5879
1048
8636
9858
7965
6165
3889
8287
4922
8912
6770
4330
577
9108
8262
2352
3787
1366
4161
7630
8549
7711
4212
3129
7161
9242
8873
4930
4258
1883
8823
8136
3357
501
1040
9259
6988
1662
9343
8845
5530
2656
8380
8289
1476
3997
5862
3337
3627
7104
7653
6160
6886
2933
5706
6407
4610
7527
730
384
1770
7958
3412
1524
6729
9315
7448
3498
7147
6678
7948
8270
1679
4094
8383
2536
6978
815
363
2972
6674
644
1366
2372
1591
9159
5931
8474
1582
4594
110
4742
699
2824
3399
2370
5282
8521
6955
4339
710
1567
9575
1092
1509
653
8298
1005
2295
6854
6848
2253
6509
5980
5983
4864
3639
1656
7100
5251
3547
8508
14
1533
1549
8143
4831
5824
4980
2013
7355
8435
6341
9915
756
7687
3556
440
3557
821
7053
6124
6711
8409
3550
9031
2498
6785
4273
9179
3109
7101
763
6169
6875
7429
2160
8869
8557
4009
5552
8713
1961
420
6427
5565
1594
4784
5254
664
3725
5955
6109
586
7629
6721
5096
7368
2206
7413
6781
4630
7462
5686
7608
5298
8430
3394
1755
3587
623
5220
119
339
5374
8177
3347
4911
3388
6788
8538
3872
8217
5658
6918
9153
5850
3615
1443
7662
9726
9528
6716
249
9691
9127
39
8172
2028
6450
9022
2648
3751
3970
4151
153
418
1019
6035
9550
706
9121
5823
4543
5592
4254
1000
2737
9785
6163
3836
2325
4613
7901
4390
2122
1512
9394
4804
3472
5078
6021
7233
29
5026
1177
6808
8018
4910
5362
2242
334
9066
7711
9325
6808
8027
526
7269
9836
6998
4927
7976
7755
9968
9004
1322
5350
4538
9495
3605
8560
9378
5700
2644
7405
7656
9036
4261
8224
2834
9209
5344
1736
5887
3246
8276
8680
1497
5938
440
2517
1283
7597
5394
9931
5810
4726
580
7066
8540
3023
9756
7427
5449
2156
5938
909
7585
1211
7279
7480
4103
9649
6103
7828
3875
617
4836
4480
8356
1401
7177
5502
7028
8826
8218
3920
3805
8607
4560
6984
4926
9248
5063
4826
1256
6280
1270
7701
4433
2740
6539
5595
4007
9426
9789
2975
1946
3156
6395
6733
5976
4980
3885
76
8097
3716
4670
5505
5543
2115
1502
7952
1485
931
7419
6326
7691
484
968
8648
6018
2758
2626
2453
9946
4038
97
5729
7540
3838
1981
1580
792
436
1029
3966
978
3745
6178
7506
5794
1425
5018
3461
3889
438
7592
7889
7069
3767
5238
7163
8633
1316
4642
6190
3142
4624
3627
2314
4681
9187
3417
45
6535
6789
1431
1172
603