 1616
 4293
 7980
 8005
 8872
 1548
 6929
 3713
 9039
 9393
 4620
 3438
 5968
 6651
 4880
 2163
 5975
 2725
  342
 2296
 7000
 8422
 5040
 7432
 5162
 2536
 6120
 7820
 8853
 8662
 8924
 4099
 1161
 4005
 2006
 1722
 9713
 8829
  508
 6049
 8785
   94
 8288
 1542
 1254
 8338
 9865
 6696
 2870
 8285
  718
 7310
 7372
 8527
 1947
 7190
 3493
  435
 5920
 1075
 1828
 7568
  480
  424
 8465
 8526
 2770
 7014
 5104
 2659
  879
 1942
 6813
 7074
 8234
 2664
 5124
 4352
 4771
 6407
 5518
 4949
 7295
 3507
 9388
 7830
 5528
 9754
 6834
  625
 3565
 1377
 6570
 6662
 1481
 8588
 6306
 1165
 7862
 2795
 7896
  896
 3587
 6931
 4146
 4169
 9658
 5544
 5738
 5232
 9905
 7383
 9665
 8652
 7794
 2243
 5182
 8001
 9165
 4471
 3526
 7104
 3237
 5127
   83
 4641
 9822
   72
 5483
 6560
  510
 8405
 8504
 8438
 8584
 3322
 1051
 4927
 3180
 1652
 1888
 4850
 2716
 2174
  821
 6304
 8545
 7594
 4273
 6098
  352
 4206
 6319
 4434
 4527
 5952
 1101
 1023
  984
 1836
 9172
 7459
 1849
 5400
 2505
 6709
 8072
 3649
 4314
 2404
 4517
 5211
 4562
 2667
 8772
 5236
 9610
 4838
 2523
 4403
  717
 3829
 7506
 1017
 4633
  777
  172
 6018
 6075
 8048
 4976
 1114
 4936
  928
 8119
 4247
 9319
 5277
 4399
 4384
 6648
 8261
 5815
 5447
 7391
 2652
 6372
 3902
 4940
 7702
 7935
 5095
  109
 8928
 8832
 4902
 8296
 6599
 9166
 9715
 3413
 1886
 2948
 6771
 7659
 5516
 2972
 5297
 7914
  425
  484
 7199
  998
   30
 8304
 3590
 7222
  264
 1564
 8141
 9606
 9224
 6340
 9535
 2620
 2797
 8854
 2380
 4147
 2860
 1262
 2990
 4038
 4054
 7279
 7551
  372
 2653
  516
 1480
 3854
 1149
 7414
 3846
 6162
 3452
  949
 3682
 1488
 7156
 7514
 7953
 4826
  199
 8279
 7667
 1374
 3149
 2999
 8455
 1063
 7572
 1640
 4476
 1339
 2695
 3859
  132
 2670
 5900
 7212
  859
 2018
 2700
 1559
 6904
 9984
 2691
 4040
 1247
 6576
 2602
 5790
 8389
 4282
 7283
 1511
  173
 3456
 4182
 7618
 2903
 9363
 7848
 5371
 1906
 4743
 5083
 2654
 7102
 7079
 2704
 2541
  511
 8404
  891
 6401
 3036
 9943
 2085
 2347
 3078
 7847
 8787
 9587
 2637
 6976
 2549
 2186
 1119
 3360
 3874
  890
 5328
 7366
 9612
  426
  478
 3177
 7504
 9001
 4905
 7170
 9292
 5259
 2484
 5411
 2089
 9916
 2532
 2514
 2102
 6008
 5817
  127
 3403
 9227
 8742
  667
 9770
 8440
  398
 8239
 9228
 2073
 9243
 1529
 8052
 4133
  566
 7655
 3675
 3661
 3457
 5219
 8479
 2553
 4929
 7328
 9126
 2674
 3341
 4429
 4116
 2782
 4073
 6629
 9748
 6829
 7322
 9316
 7515
 6053
 4572
 8200
 8939
 6740
 7026
 8579
 1970
 9970
 4143
 3844
 3639
 8602
 5016
 4711
 7503
  158
 2012
 9565
 1965
 5102
 1780
 6856
 4359
 7376
   81
  194
 1799
 9849
 2844
 3863
 3971
  582
 8630
 4823
  385
  917
 4402
 6315
 3514
  203
 9355
 1290
 9522
 9623
 7380
 8437
 6027
 5438
  491
 7969
 4001
 8286
  999
 3837
  820
 5377
 7770
 1357
  268
 1362
 7165
 6703
 7329
 2719
 9125
 1098
 6857
  378
 6747
 1296
 3064
 2411
 3122
 5546
 2826
 9558
  978
 7833
 2010
 3106
 6565
 6751
 3363
 7846
 5245
 3791
 8658
 5918
 4553
 1716
 5805
 7738
 4600
 8267
 6450
 1189
 1897
 8111
 2943
 3105
 3327
 9484
 1475
 8011
 9961
 7818
 1324
 2624
 4341
 1967
 9564
 7531
  846
 5887
 1242
 4406
   77
 4511
 6019
 4647
  770
 4443
 3082
 8531
 4066
 4923
 1278
 5050
 7684
 3249
  329
 3402
 4552
  799
 9081
 8194
 2971
 4481
 1209
 5652
  951
 1180
 4484
 8682
 6822
 7695
 9799
 4369
 1798
 6108
 2325
  826
  418
  134
 2698
 5963
 6475
 8412
 3860
 8151
 6759
 9787
 2152
 3884
 2060
 6309
 2254
 9239
 7593
 2440
  358
 9073
 3646
  167
 8541
 1517
 2433
 4007
 4898
 9408
 2828
 2973
 5198
 9456
 3718
 3787
 1250
 7348
 7662
 5538
 1130
 5706
 7981
 6542
  775
 8457
 1116
 2000
 1993
 5967
 8449
 4139
 3164
 7709
 5971
 6325
 9955
 3625
 4119
 7647
 4204
 7319
 2238
 9035
  299
 9825
 9009
 2865
 9492
 6671
  661
 7976
 1206
 8897
 1854
  432
 4903
 8138
 2224
  353
 8689
  659
 7456
 5861
 8059
 3678
 2774
 8740
 8320
 2218
 7566
 4899
  704
 9307
 5402
 6308
 9870
 6665
 9514
 5609
  804
 3244
  887
 4696
  610
  244
 1408
 6610
 9175
 5683
 4910
  881
 5364
 7705
   48
 3941
 4959
 1196
 2138
 9710
 1314
  690
 1126
 9354
 9430
  490
  363
 3072
 2096
 5811
 8178
 6567
 7032
 6370
 5988
 9507
 3873
 9634
  810
 7311
 6038
 7616
 9900
 8344
 5113
 4080
 4035
 7585
 7327
 7202
  767
  792
 6607
 3057
 5287
   54
 1186
 3489
 5237
 8757
 3998
 6352
 2949
 7027
 4389
 5242
 8082
 1376
 2746
 8021
 2402
 1292
 3591
 4778
 5601
 8731
 5142
 6403
 1930
   84
 1904
 3058
 9326
  135
 6061
   37
 7368
 5074
 9771
 2908
 9187
 3065
 3007
 4988
 9769
 7643
 7304
 9554
 4017
 8560
   87
 3454
 2814
 1908
 5209
 6801
 1554
 5672
 9115
 4756
 5004
 1046
 9217
 6970
 7993
  587
 8164
 9216
 4439
 9288
 5330
 3319
 3232
 1341
 5023
  572
 4738
 7717
 1170
 4267
 5902
 7316
 8322
 5352
 9598
 1576
 3348
 3280
  527
 7956
 6337
 7227
 3482
 3801
 9901
  122
 8927
 7196
 4727
 1106
  213
 4805
 6854
  703
 8428
 2630
 1808
 8380
 4377
 9468
 4859
 9717
 8521
  737
 6278
 8568
 7685
 4107
 9366
 3861
 6580
 5331
  371
  494
 5580
 9437
 8050
 4110
  488
 7043
 5644
 6945
 7755
 6170
 9383
 8553
 5674
 1787
 2677
  931
 2141
  519
 7356
  228
 3471
 5870
 3855
 7590
 9098
  198
 5273
 2057
 7697
 4375
 7620
 5622
 8294
  657
 6750
 9965
 5323
 7291
 3273
 9502
 5583
  177
  961
 8231
  866
 4198
  668
 2009
 6941
 9059
 4259
 8669
 7536
 5299
 5246
 4172
 3529
 3610
 4224
 2738
 8470
 7733
 3460
 8613
 3261
 8117
  997
 7402
 3996
 2415
 7950
  691
 3588
 7416
 5830
 4894
 6005
 2823
 8413
 3609
 2261
 9690
 9757
 2964
 2873
 9756
 7098
 6845
 8635
 2430
 8538
 4174
 1662
 9493
 2097
 8103
 6435
 6368
  553
 3419
  534
 5661
 2899
 8771
 3826
 5284
 2829
 8912
 6474
 4212
 4503
 3286
 9638
 6861
 5860
 1222
 7815
 6758
 7182
 4697
  802
  772
 3034
 3561
 3901
 8700
 1054
 5455
 6757
 1229
  921
 4608
 3099
 2851
 8982
 7785
 2571
 4299
 3644
 3618
 8391
  801
 1577
 3160
 8600
 3339
  517
 8616
 1879
 8381
 6409
 2963
 9368
 3483
 8007
  897
 6171
 7092
 6150
 6742
 2058
 5256
 6441
 7350
 8471
 8085
 6692
 9778
 1482
 6590
  107
 4461
 4709
 7560
 8212
 9576
 8211
 7163
 1297
 7692
 5691
 3911
 9925
 3464
 4625
 8597
  541
 5906
 5702
 7306
 2295
 2854
 3469
 2755
 7177
 4479
  593
 8168
 5925
 9828
 9615
 8684
  290
 4735
 3324
  725
 8003
 6686
 7220
 9914
 8686
 6550
 4269
 9220
 8263
 9079
 9542
  543
 6011
 6903
  588
 7158
 9116
 7309
 5748
 1470
 6641
 8000
 9202
 5308
 1876
 8136
 3174
 8339
 6955
 3369
  824
 1636
 3615
 7408
 3724
 3749
 2369
 2319
 2525
 3798
 2941
 2578
 9205
 1621
 9568
 3389
 6626
  822
 6086
 1417
 1375
 7721
 5026
 7856
 4192
 4888
 5482
 9203
 7033
 9975
 9909
 5564
 2557
 8464
 1123
 6568
 2059
 4984
 7922
 9141
 7053
 6156
 5337
 2121
 8655
 8567
 2752
  223
  903
 7637
    5
 6318
 3877
   79
 2595
 1582
 3687
 7395
  289
 1160
    7
 5525
 3696
 4702
 7919
 2287
 4764
 7908
 4787
 1685
 4695
 3721
 5978
 9608
   36
 1607
 3766
 6463
 4104
 5840
 5109
  684
 8549
 2219
  723
 8783
 2267
 4932
 7776
 4839
 3719
 1786
 9875
 6391
 3044
 2049
 1887
  913
 7573
 2669
 5179
 4624
  640
 9515
 5607
 5029
 9434
 8688
 2714
 5779
 3542
 9177
 3147
 1453
 1257
 2703
 9702
 2886
  485
 5539
 6529
 8801
 4338
 7406
 3479
 3934
 4002
 5123
 3216
 9517
  441
 4200
 9405
 1463
 2806
 7066
 4018
 4877
 5974
 4044
 9474
 1934
 1058
 8078
  453
   17
 9513
 1167
  168
 3790
 5595
 4161
 2742
 4334
 6867
 7745
 1746
 2456
 6967
 4665
 5015
 4594
 8964
 3480
  558
 6417
 5079
 3278
 4129
 9260
 4049
 4828
 7144
  304
 6343
 3134
 7588
 2306
  394
 2575
 6826
 4582
 7926
 5193
 8968
 7428
 7218
 8911
 2974
 5221
 8351
 9435
 1676
 7181
 9983
 2394
 1521
 4549
 6177
 4772
  793
 9421
 2064
 3515
 7161
 4649
 2252
 9956
 7162
 1698
 2202
 1487
 1874
 5853
 6933
 6143
 1952
 4134
 7645
 3920
 4505
 8738
 9447
 7436
 9305
  907
 7168
 3519
 6956
 6063
 3365
 9148
 6581
 7916
 8699
 9457
 2104
 7633
  101
 1393
 4086
 5334
 2994
 6511
   20
 3994
  937
 3259
 3866
 3407
 6501
 7470
 3817
 5052
  316
 5349
 1095
 6988
 8132
 1251
 3993
 8192
 7596
 8798
 9049
 2852
 7290
 4980
 3336
 4199
 3760
 4458
 9276
 5882
 3032
 3406
 3701
 9173
 3541
 5763
 1842
 7547
 7525
  626
 1144
 2534
 6499
 4807
 5467
 4904
   41
  542
 6983
 8042
 5192
 3663
 7259
   21
 9985
 5922
 6642
 6400
 2418
  243
  922
 8041
 9864
 3700
 3819
 1779
 3025
  522
  614
 2928
 2360
 8452
 7576
 1396
 4313
 1044
 3219
 3891
 4240
 3234
 5911
 1226
 2175
  524
 8745
  512
 5612
 9306
 8810
 6536
 5000
 5011
 6922
 7460
 7113
 5403
 8949
 5055
  389
 8511
 7094
 9234
 1843
 7083
 1150
 6024
 5038
  752
 5955
 7210
 1389
 5864
 2889
 3340
 9078
 4951
 4765
 7512
 9764
 6457
 9785
  285
 1894
 4704
 4515
 4844
 9077
 4651
 9135
 4842
 1369
 6910
 5629
 8191
 5970
 3484
 5610
 2343
 5664
 7248
 6557
 1754
 9095
  902
 3111
 4613
 6752
 9736
 4196
 6404
  300
 1037
 6999
 1100
 9294
 9644
 9184
 4230
 8382
 6125
 2822
 9973
 6301
 1538
 3731
 8860
 2459
 8462
 3487
  599
 5935
 6185
  968
 7540
 7148
 6799
 6213
  581
 2984
 3326
 6119
 9671
 5725
 3774
 9491
 2145
 4342
  366
 4036
 2056
 8724
 8781
 7959
 4790
 8945
 6777
  739
 7706
 3498
 5292
 3209
 9858
 1110
 9029
 9238
 7779
 2162
 4233
 6493
 7621
 5496
 8905
 6047
  833
 3502
 6121
 8415
 8817
 1104
 7924
 4055
 6001
 2744
 1400
 6578
 1775
 9460
 1493
 4699
 4757
 4150
 4092
 6883
 9501
 2183
  428
 7171
 1172
 6348
 6394
 5054
 9004
 2407
 6790
 7700
 3907
 5936
 6212
 9232
 6081
 3439
 9618
 1256
 1782
 3434
 7352
 4666
 5726
 6503
  828
 6323
 3933
 5186
 2612
 1776
 8099
 4872
  179
 6197
 4941
 7269
 2221
 4252
 4535
 1597
 5536
  579
 2726
 3091
 4502
 3957
 9442
 6276
 9309
 5144
 3688
   49
 3213
 8691
 8735
  472
 8696
  250
 1736
 8039
 2993
 9816
   52
 1650
 6727
 3848
 9600
 2678
 2350
 6349
 5347
 6862
 8247
 7632
 7285
 9300
 3070
 4547
  732
 9380
 9862
 3116
 6188
 5491
 3103
 6232
 7149
 1807
  214
 5288
 4694
 8264
 9285
 6485
  966
 6238
 8743
 8624
 7284
 7270
 6537
 7281
 1769
 1861
   18
  551
  128
 8930
 7440
 8900
    8
 7889
 3334
   50
 1047
 6601
 9578
 7093
 1068
 6480
  350
 8357
 5740
 8076
 5574
   23
  139
 3098
 7314
 4686
 7731
 2124
 2591
 9427
 8195
 4852
 2200
 2178
 3357
 4257
 4782
 5721
 2942
 1158
 3577
 9407
 7407
 8824
 6624
 5495
 7623
 5135
 6677
 7019
 1510
 6129
 1347
 9759
 7694
 3054
 1067
 2465
 8023
 2697
 7747
 2464
 1978
 7369
 1884
 7438
  157
 1231
 8235
 9459
 6203
 5631
 7299
 5333
 1085
 1280
 2793
 3003
 9709
 9450
  933
 3668
 2229
  669
 8144
 9732
 5220
 9803
 7215
 9154
 1725
 5995
 4639
 7732
 6109
 2075
 6658
 5708
 7006
 3699
 3458
 8595
 5783
 8796
 4501
 5842
 4909
 3276
 3302
 1505
 6685
 1658
 9708
 5847
 8855
 4268
 6046
 3810
 9506
 8577
 5437
  186
 5441
 8677
 7651
 8717
 5994
 4806
 6789
 2861
 4879
 9871
  473
 9214
  561
 8807
 8790
  629
  595
 6947
 4398
 8977
 6191
 6127
 4854
 7353
 8863
 3496
 3186
  904
 7880
 6077
 4646
 8347
 7216
 8603
 3053
 4673
 7265
 2720
 9698
 5690
 7878
 2741
 3386
 4698
  256
 4418
 2247
 8232
 3706
 6873
 9017
 7112
 9034
 9874
 9358
 2245
 7782
 2921
 2519
 4336
 1829
 8223
 2184
 2495
 1103
 8349
 7528
 9377
  807
 4529
 8954
 3831
 1351
 6251
 8694
 6713
 9918
 1831
 8203
 7707
 9548
 9060
 3741
 1227
 6908
 7744
 3288
  738
 8488
 2662
 5829
 7375
 4993
 2679
 3511
 3358
 4251
 6552
 7031
 6979
 2215
 1372
 2672
 3838
 1139
 9497
 9699
 1118
 6731
  226
 5315
  970
 1434
  204
 5582
 3171
 5293
 3404
 5180
 5067
  260
 7890
  939
 4219
 8554
 7660
 2878
 8403
 3028
 8306
 3378
 6681
 8430
 4444
 2400
 3563
 5624
 7034
 9002
 6297
 7915
 4662
 7397
 8598
 7367
 7105
 3733
 7030
 2848
 9361
 1518
 5421
   97
 2154
  141
 7523
 1388
 5638
  727
    4
 4574
 6217
 6668
 3849
 8429
 8350
 1036
 8623
 4760
 8507
 7047
 8469
 2584
 8503
 6190
 5992
 1638
 4967
 6720
 4968
 8358
 6997
 7334
 5241
 7808
 8573
 7164
 7674
 7029
  180
 8974
 1666
 8040
 6334
   33
 8566
 3429
 9628
 2339
 9483
 3129
 2564
 8012
 1702
 3947
 8326
 2335
 8734
 3145
  598
 9386
 1146
  499
 2086
 7781
 9646
 2587
 1605
 9957
 7826
 3872
 2230
 5154
 3703
  817
  746
 5591
 5318
 5812
 6218
 7378
   53
 5868
 5772
 3410
 7897
 6310
 2871
 8990
 3417
 7592
 7305
 5039
 9960
   89
  108
 1210
 8385
 8027
 7664
 7365
 8628
 3890
 2396
 6187
 1265
 7232
 1891
 1530
 8950
  144
 1460
 5823
 2397
 5404
 7071
 5140
 2867
 6110
 2788
  334
 7187
 6837
 8402
 9014
 2398
 8443
 8499
 5819
 7961
 3314
  458
 4141
  864
 9168
 9611
 5294
 1234
  140
 2304
 1326
 6575
 6918
 8539
  331
 2180
 5041
 9252
 6210
  982
 1407
 8196
  133
 2111
 4426
 5357
 1322
 8972
 8008
 1646
 5139
 2931
 6516
 9797
 1950
 4057
  217
 2935
 2937
 5197
 8364
 7912
 1171
 7131
 2274
 7559
 1230
 7015
 6538
 7652
 5301
 4774
 6574
  430
 8770
 6329
 8931
 3428
 6360
 8712
 5527
 4482
 6140
 8996
 2023
 8794
 9063
 8146
 8754
 1416
 6498
 3061
 1877
 4834
 5047
 7911
 1654
 4286
 6395
 4731
 4688
 4725
 8563
 3931
 3550
 3101
  909
 4642
 2902
 4350
 6247
  446
 9573
  330
 1239
 7780
 2488
 5270
 4809
 6240
 8448
 2892
 2160
 7613
 3217
  163
 6487
 4937
 8578
 9996
 6271
 3385
 7236
 7326
 9402
 7870
 1751
 7541
 8895
 2914
 2705
 3596
 3486
 1373
 8009
  492
 2253
 3562
 8737
 8637
 1270
 2348
 3812
 7577
 9705
 4121
 3770
 6296
 7752
 7114
  985
 7341
  387
 2751
 8424
 6556
 7583
 4670
  356
10000
 2052
 4916
  943
 4707
 6605
 9641
 9642
  766
 5524
 3898
  830
 2265
   95
 4302
 4896
 7041
 9140
 7795
 4027
 7193
 1733
 9555
 6553
 7840
 3335
 9067
 8436
  969
 1162
   57
 7742
 6144
 7247
 2301
 1444
 9624
 7777
 8589
 9647
 7110
  701
 2155
 5435
  469
 2497
 1794
 8134
 1812
 5344
 7578
 1183
 8084
 7224
 2953
  602
 6241
 4654
 6548
 5531
 4970
 9847
 1749
 7698
 3001
 2432
 3214
 8037
 6377
 5115
 7814
 1501
 8813
 4576
  229
 7011
 8337
 8494
 8671
 7567
 5130
 9143
 7712
  853
  273
 1644
  400
 6412
 9236
 3984
 9692
 8323
 3067
 6175
 6927
 5686
  504
 2760
 4477
 1025
 7653
 8269
 6990
  758
 2853
 1634
 1622
 2393
 1768
  538
 7965
 1449
  200
  355
 4934
 5476
 7813
 6199
 2061
 6193
 1039
 7439
 4584
 4396
 8984
 5306
 7422
 3203
 1125
 2392
 1141
 2805
 2776
 6993
  281
   22
  210
 5825
 1457
 6546
 5858
 9856
 1164
  309
 1193
  436
 9530
 6045
 9654
 3847
 8176
 2212
 2962
 3584
 6842
 7631
  227
 2364
 4848
 1451
 6779
 4712
 1438
 5980
 2302
 2489
 3197
 7332
 5084
 5716
 3689
 8896
 9677
 7480
 3225
 3780
 4211
 3966
 9563
  906
 8026
 6198
 5006
 9585
  963
 7154
 3684
 1682
 1792
 7546
 4151
 5997
 4691
 2182
 3979
 1560
 6182
 5200
 6953
 4499
 9988
  993
 1364
 2944
 2816
 4992
 5389
 9552
 2157
 6469
 6816
 4799
 2950
 6588
 9648
 9831
 9475
 5850
 2690
 3005
 6280
 5711
 5434
 6167
 2280
  779
 4621
 5325
 7351
 4715
 1415
 5662
 7482
 7563
 4028
 9101
 1398
 4061
 7130
 9830
 5145
 7317
 8490
 1267
 6949
 3443
 4374
 9415
 2188
 4748
 4048
 4070
 1627
 4682
 1097
  926
 5278
 4560
 2449
 1092
 3664
 4868
 3949
 9593
 2827
 8484
 8533
 2354
  778
 8137
 6470
 6249
 8845
 9396
 9843
  899
 8275
 3551
  148
 5327
 4430
 3794
 7960
 7451
 3260
 8611
 9755
 6111
 9689
  380
 9821
 2996
 8983
 7591
 1418
 1835
 1855
 9966
  724
 5907
 9215
 3776
 7155
 8173
 9560
 3212
  536
 7726
 3162
 3251
 4091
 4262
  464
 4145
 9859
 7381
 4264
 4919
 2453
  447
 8276
 3758
 1745
 6350
 3272
 6277
 4157
 3954
  862
 6788
 9851
 7773
  332
 4459
 1181
 1151
 5240
 8255
 2467
 4996
 7234
 5675
 8627
 6824
 5891
 6141
 7339
 2173
 6091
 9162
 3852
 3376
 9735
 5163
  493
 9129
 1669
 1594
 5542
 4723
 3380
 9733
 5283
 1712
 5335
 7363
 8894
 1606
 2120
  537
 6482
 2181
 5385
 5205
 4635
 5679
 3665
 2345
 9534
 9107
 2910
 9924
 4381
 1957
 1670
 4029
 2362
 4494
 4605
 2494
 5635
  201
 2210
 9231
 1899
 8476
 2722
  977
 8914
 7617
 3576
  296
 1112
 5128
 1805
 4892
 6422
 8224
 5801
 2509
 5382
 5535
 8487
 5430
 3856
 9105
 7715
 3187
  247
 3451
 5003
 2917
 5302
 3805
 4213
 2862
 5532
 8963
 2988
 8031
 9903
 1593
 5106
 8159
 5305
 9691
 3035
 3153
 7666
  336
 7691
 5188
 3658
 7142
 7287
 4626
 7816
  192
 2457
 5094
  763
 3317
 4372
 2153
 2945
 3900
 1789
 3876
 7191
 5185
 2940
 9207
 3702
 6853
 1929
 4470
 3708
 7900
 3501
 4221
 4467
 8727
 5093
  310
 1959
 6492
 6052
 7730
  975
 3055
 7628
 1679
 6711
 4800
 6722
 1809
 9950
 5809
 2781
 4559
 2043
 5827
 7552
  417
  564
 6411
 1630
 8951
 1108
 9293
 3258
 3475
 6739
 2922
  188
 2289
 4570
 7128
 2849
 7629
 9439
 4021
 1204
 5295
 8477
 7099
 4998
 5223
 5314
 1822
 6392
 8761
 7741
 6496
 3297
 9010
  238
 1432
 2246
 3566
 5018
 3396
 1135
 7103
  160
 2486
 7008
 7485
 4308
 1905
 8769
 1208
 9400
 2191
 8561
 4974
 5379
 9650
 3266
 8034
  915
 9169
 4346
 1034
 2717
 1613
 5239
 7686
 3601
 5802
 2986
 8016
 6735
 5326
 7832
 6778
 8024
 3221
 7966
 3743
 8552
 6880
 8542
 5263
 9359
 2223
 1430
 4521
 1422
 6272
 4514
 6805
 8458
 5464
 3775
 1321
 3497
 8702
 2890
 1568
 3695
 5133
 1311
 7672
 2390
 8838
 2735
 6003
 8774
 6172
 4102
  110
 7906
 4386
 2546
 7272
 5666
 1402
 4747
 3755
 6938
  591
 4283
  650
 6840
 3337
 9939
 5606
 6975
 9117
   66
 9198
 6638
 7550
 8670
 5013
 8028
 9221
   44
 1595
 6356
 8875
 2315
 9844
 3654
 7035
 9867
 9818
 1060
 7266
 9452
 3494
 6687
  105
 5281
 8762
 1709
 8641
  556
 4432
 3579
 9775
 4437
 6868
 5216
 2687
 9952
 8044
 7021
 1673
 3222
 2696
 1938
  695
 4077
 5681
 4423
 9170
 3465
 5792
 1173
 6965
 4627
 8793
  870
 8256
  905
 6471
 7836
 2063
 3375
 3342
 5996
 1643
  520
 3604
 5901
 4544
 4803
 9954
 6584
 4820
 6365
 3246
 3679
 9163
 7464
 2455
  788
 5372
 2125
  324
 5088
 4271
 3923
 5521
 3809
 6587
  656
 2715
 8482
  413
 1715
 1937
 9433
 9670
 8225
 3811
 7207
 3096
 2839
 4565
 5271
 4128
 8218
 1471
 4025
 7237
 2385
 9545
 5770
  898
 5693
  345
 5883
 2857
 5044
 7964
 3915
 7821
 2706
 2241
 3645
 3427
 7343
 3593
 8354
 7661
 2327
 3572
 6062
 2259
 8486
 5103
 8226
 9367
 9350
 7454
 4425
 8387
 1128
 6863
 1329
 7784
 8715
 8331
 3421
 8309
 8038
 9061
 1042
 7495
 2469
 7598
 9281
 8640
  433
 7611
 1752
 6674
 7648
 9481
 7968
 8425
 7214
 9119
 4449
 9700
 1980
 2750
 7688
 4717
 9614
 7122
 4413
 7539
 7544
 3253
 4410
  720
 3195
 5034
 7640
  666
 6201
 1917
 4339
 9044
  125
 4955
 9569
 2016
 4160
 4753
 3746
 2216
  742
 6239
 3076
 7229
 7766
 4311
 4030
 9910
 4510
 9454
 8835
 5559
 9609
 7267
 4202
 8969
 3815
 4837
 5178
 4171
  639
 9250
 3722
  697
 7312
 7521
 7543
  190
 8869
  835
 8410
  357
 6042
 9082
 5739
 4205
 8156
  706
 2450
 2603
  620
 9142
 7532
 6176
 5376
 5177
 7714
 5138
 5342
 2475
 9123
 4153
 4420
 5078
 3277
 5131
 9494
 4490
 7819
 6431
 5506
 5489
 2356
 5735
 4138
 8564
 7901
 6292
 1379
 7805
 9418
 6490
 5556
 7806
 3545
  457
 1535
 9378
  716
 6818
 2605
 5136
 8791
 1882
 5824
 2090
 4762
 4825
 5587
 8167
 9210
 8825
 8721
 2197
 9271
 4062
 3505
 8485
  996
 3104
 1862
 4661
 7444
 6951
 4227
 4184
 4945
 8581
 7274
 1852
 1783
 2128
 6524
 9912
  812
 4693
 6781
 5965
 4667
 5942
 5712
 8862
 6331
 9848
 2583
 1246
 5973
 1198
 5893
 6014
 7570
 5388
 5717
 5119
 7638
 6743
 3927
 8836
 1825
 5794
 4276
 2792
 7423
 9613
 8083
 6869
 5841
 8626
 6221
 2907
 1533
 9599
 1472
 4312
 2702
 8066
 8278
 1295
 2905
 8238
  992
 6180
 3970
 4537
 1467
 9033
 7520
 4900
 1261
 6230
 8915
 6625
 2166
 1032
 6208
 9213
 2919
 1619
 3739
 2139
 9137
 1705
 6224
 1990
 7044
 9189
 2311
 6205
 2410
 4596
 9549
 2517
 5630
 6744
 2220
 9891
 6952
  633
 2041
 5730
 6693
 3019
 3269
 9102
 7223
 5412
 8070
 8169
 6809
 7342
 3737
 9976
  798
  164
 1031
 9200
 9424
 9959
 3014
   88
 7150
 5890
 1601
 2554
 6653
 5309
 7386
 9711
 2476
 5548
 9941
 6628
 9226
 7344
 1033
 8618
 4638
 7604
 9539
 9466
 8046
  876
 6906
 4607
 3437
 1249
 2303
  312
  783
 1041
 3523
   86
 7140
 8065
 1086
 4000
 4319
 7610
 2340
 4775
 9204
 3400
 7116
 3944
 3715
 2322
 9637
 3605
 3141
 4622
 5207
 2524
  941
 7642
 4422
 5814
 5649
 2374
 8418
 6972
 2168
 5251
 3059
 8901
 1797
 5837
 5993
 1684
 2275
 8408
 8625
 8139
 9760
 6600
 9508
 4322
 4265
 1474
 5604
 9546
 4581
 3983
 5032
 4067
 1315
 7809
 6898
 3043
 8802
 7197
 1961
 2098
 9471
 6694
 8528
 8315
 6106
 2626
 9277
  207
 9762
 9398
 2412
 3138
 2028
  923
 6030
 9240
 2533
 6839
   58
 9191
 7077
 9100
 5576
 6269
  910
 3476
  645
 6078
 7321
 1817
 9917
 7134
 7056
 5253
 1847
 1361
 4154
 8886
 3409
 4763
 1558
 5510
 1437
 2379
  308
 5465
 4592
 7487
 2608
 4856
 2293
 7619
  957
 6454
 6827
 8868
 2631
 4214
 2858
 6512
 9340
 3152
 7246
 1584
 3648
 3274
  546
 8763
 6926
 5956
 7042
 6632
 4684
 4078
 9512
 8345
 2906
 6815
 6353
 2117
 4183
 8460
 8752
 6420
 3951
 6911
 4051
 5704
 6944
 6894
 9906
 1913
 7518
 8848
 8106
  636
 7533
 9432
 4964
 5511
  944
 6288
 8336
 7364
 5439
 2643
 8891
  756
 3268
 2985
 6489
 1820
 5852
 1846
 5744
  526
 9655
 1927
 4451
 6716
   96
 4246
  953
 5470
 1618
 8946
 5541
 2338
 2143
 3235
 3068
 9440
 4356
 3190
 1272
 7885
 2427
 5983
 7486
 9809
 5478
 5650
 8846
 6612
 2383
 1232
  219
 3946
 7157
 3201
 4513
 7426
 3444
 5108
 4674
 8876
 6620
 2286
 3630
 7173
 1340
 5677
 6243
 6613
 1785
 4266
 8045
 3813
 8663
 4190
 3880
 2567
 6755
 9445
 7179
 8749
 1516
 2256
 7060
 4385
 8370
 5603
 8776
 6442
 9284
 9315
  231
 6737
 2610
 7756
 1145
 1704
  373
 9997
 4361
 1317
 6447
  893
 9436
 4207
 1631
 9065
 3155
 3578
 3245
 3179
 3799
 5641
 8114
 3936
 2926
 9695
 8131
 7488
 6267
 1919
 2632
   47
 2619
 1243
  452
  252
 7789
 1138
 4131
 6090
 8849
 1406
 6719
 6889
 9583
  675
 4109
 2900
 7855
 2149
 4419
  628
 2068
 3742
 3921
 5243
 5384
 4427
 5307
 4281
 4669
 8941
 2639
  449
  448
 8193
 9122
 8243
 8157
 2438
 1495
  255
 1902
 6985
  406
 8202
  505
 7867
 5554
  644
 6057
 6558
 6977
 4849
   75
 5987
 3955
 7183
  554
 6123
 9995
 8714
 7292
 4383
 3818
 5393
 9395
 1600
 2613
 3442
 4885
 2932
 8989
 1850
 6640
 2425
 4935
  663
 1094
 8998
 7494
 8739
 9837
 2150
 1677
 9185
 5637
 4736
 3088
 2480
 5274
 3074
 2051
 6534
 7575
 4400
 9967
 1697
 6583
 1279
 6369
 1006
 2951
 8297
 2681
 6029
 5264
 3972
 3895
  275
 1653
 9476
 2721
 4316
 6741
 3453
 2492
 4168
 1421
 2947
  761
 7475
 6478
 1157
 7489
 5897
 5982
 9312
 2879
 8805
  216
 2277
 2875
 3047
 5073
 9237
 2434
 2966
 5348
 8327
   16
 2904
 3975
  950
 3208
 5913
  129
 6767
 4135
 6137
 9567
 4827
 6627
 8098
 9968
 7410
 2370
  155
 6373
 8498
 8675
 5077
 9676
 8074
 3769
 6902
 3135
 3392
 4603
 6865
 1610
 9589
 6615
 3982
 2684
 5648
 8181
 5472
 1759
 5258
  343
 2607
 2214
 2775
 9834
 2251
 5859
  955
 4924
 7106
 2470
 3022
 8242
 1873
 2424
 7088
 6707
  781
 3806
 5881
 7477
 6838
 4658
 5238
 5592
 3472
  102
 8929
 5626
 3650
 4815
 8282
 1076
 6702
 4298
 6520
 2317
 9657
 6885
 1084
 9504
  150
 4777
 7382
 5703
 9872
 2269
 5460
 2042
 5877
 5444
 8444
 5028
 6925
 6168
 9463
 1738
 5821
 8246
 6874
 9927
 6326
   74
  130
 6438
  808
 7753
 6497
 4208
  142
 5584
 8988
 4472
 9518
 5519
 8565
 8377
 6389
 8639
 4628
 8925
 5048
 9886
 2712
  208
 2053
 3150
  611
 5351
 7430
 3356
 3275
 9942
 1573
 3960
 2978
 2789
 7983
 7020
 1452
 9526
 1504
  507
 6112
 9922
 1721
 9798
 1767
 9673
 9223
 8506
 8729
 5096
 4391
 9289
 1664
 4975
 6850
 3660
  886
 3477
 7273
  486
 2069
 6376
 7817
 9111
 5590
 8902
 6585
 3170
 5618
 6562
 6964
 6932
 8179
 4321
 8468
 3765
 6877
 6118
 8710
 4327
  470
 8962
 5798
  774
  162
 6245
 4033
 9041
 1055
 7872
   76
 3215
 5060
 4870
 1916
 3736
 3051
 6432
 3139
 9280
 4203
 3814
 1864
 5746
 2094
 7522
  956
 5577
 5492
 2260
 6770
 3916
 7614
 2025
 7442
 9006
 3373
 7787
 7243
 7954
 2882
 9261
 4041
 2371
 9895
 3583
 1263
 3029
 2642
  161
 5499
 7586
 7654
 5487
 3659
 1485
 1409
 8305
 9740
 7360
 3939
 3544
 6591
 2297
 7626
 1273
 9607
 1484
 6682
 2316
 7946
 3271
 2399
 5340
  721
 9055
 9246
  861
 3738
 1356
 3942
 2236
 8333
 3557
 1082
 1442
 2203
 6784
 8764
 8718
 7219
 2516
 3728
 7775
 3185
 6142
 7955
 5350
 7184
 2249
 2326
 8870
 9286
  649
 1714
  638
 5114
 9937
 1428
 9686
 9267
 1943
 2428
 8800
 1502
 5125
 7089
 1824
 6593
 8406
 5001
  528
 2778
 3734
 4750
 8733
 1896
 2472
  709
 2341
 5194
 1960
 3680
 4740
 1863
 3431
 6614
 9130
 5552
 5061
    1
 9929
 9016
 4897
 1802
 2136
 5146
 9873
  733
 9811
 2103
 4533
   98
  712
 7417
 3917
 4363
 8953
 6725
  686
 6655
 2832
 5503
 3346
 3537
 7347
 8819
 7502
 7251
 3527
 3536
 4231
 5964
 5368
 5713
 2081
 4277
 4022
 8493
 3142
 1590
 5596
  466
 9413
 6312
 1382
 5966
 2522
 2881
 9990
 8736
 3995
 5880
 2957
 4810
 9146
 9999
 3115
 6322
 9330
 7991
 7203
 3204
 9181
 8534
 3083
 1216
 9088
 1121
 7152
 6135
 4637
 7225
 2526
 2593
 8414
 2268
  986
 7455
 2017
 7978
 6669
 6814
 9008
 3893
 9372
 6559
 1672
  117
 2372
 1696
 2936
 4380
 5082
 4692
  149
 5625
 4340
 1056
 6313
 8171
 2794
 3137
 8125
 8207
  699
 3950
 1741
 3669
  475
  182
 8585
 3509
 6262
 9429
 4893
 8522
 3117
 4886
 8610
 1983
 4220
  374
 8608
 6133
 6145
  254
 6912
 3974
 1914
 1603
 3239
 6092
 7929
 3622
 1176
 6367
  335
 6466
 7951
 9197
 5646
 1841
 5365
 1991
 1962
  442
 2283
 3883
  857
 3018
 2008
 4097
 9963
 2838
 1948
 5266
 3513
 8728
 7323
 6913
 9672
 3391
 5750
 3803
 8934
 8245
 7109
 8397
 9750
 6960
 8647
 7286
 3692
 4957
  696
 8544
 2420
 9662
 9781
 8543
 4478
 6459
 5175
 2481
 6148
 9007
 8775
  297
 8645
 4333
 9949
 2148
  618
 4516
 8703
 8064
  118
 6895
 7463
 1637
 5709
 4284
 1255
 6328
 2258
 9322
 1661
 8866
 3992
 2044
 2976
 2384
 6637
 6986
 9461
 2483
  121
 9133
 7824
 2798
 1066
 7449
 4347
 8947
 4755
 9027
 6444
 5272
 5700
 8804
 7513
 7757
 1901
 6705
 4332
 5012
 8206
 9498
 7783
 3538
 5969
 7535
 4676
   13
 8330
 2352
 2640
 1244
 2569
 2204
 9866
   39
 2787
 9201
 4530
 4222
 5363
 5986
 9829
 7261
 3412
 6530
 2351
  183
 7315
 5910
 2207
 1988
 9495
 6330
 9651
 1833
 1633
 7048
 8980
 3040
 7388
  580
 9179
 2198
 9153
 6650
  994
 5498
 2285
 5332
 6096
  509
 7977
 3089
 9174
 2193
 1872
 4095
 8237
  221
 9356
  322
 3079
  782
 3087
 5958
 3184
 8917
   99
 8746
 2627
 9850
  381
 6756
 8751
 5586
 5567
 2500
 1245
  991
 9318
 5720
 7107
 2568
 7519
 9793
 7508
 9977
 2929
 5058
 5669
 8921
 5394
 3539
  267
 5928
 9490
 7136
 1969
 1758
  175
  415
 9845
 1405
 9131
 9071
 6130
 2448
 5022
 1217
 5862
 8520
 8656
 3870
 5329
 2490
 7258
 8828
 8909
 7796
 8100
 4401
 8529
 7208
 1353
 6252
 1015
  463
 2389
 7627
 3188
 6996
  456
 6346
 7401
 5449
 5688
   61
 9791
  351
 4526
 5670
 5008
 9935
 9348
 7018
 7045
 7853
 1154
 9994
 9805
 1133
 2423
  769
 1312
 1431
 2868
 7069
 4052
 9188
 3720
 3151
 7390
 8175
 3313
 6166
 1420
 9110
  153
 4376
 8478
 9964
 6541
 1537
 3686
 7379
 5904
 8371
 1766
 7934
 8029
 9675
 5260
 8850
 6901
 9980
 7876
 2614
 9032
 3123
 2531
 1469
 4465
 6293
 8722
  605
 4794
 7893
 4173
 4235
 1645
 6281
 2072
 9374
 7822
 2176
  225
 9932
 9103
  932
 7941
 7886
  814
 8300
  156
 2968
 7727
 2538
 5718
 7743
 8399
  518
 3582
 8262
  809
 2222
 6661
 3071
 4124
 3163
 5181
 2135
 8409
 2660
  785
 3929
 8571
 6173
 4981
 2927
 6237
 9472
 8495
 9222
 6022
  547
 1220
 3510
 7996
 2817
 5069
 8933
 2239
 9012
 9384
 6327
 1358
 5605
  677
 9726
 7039
 3747
 3181
 4969
 2187
 6672
 4011
 6506
 6465
 7065
 4296
 4795
 2864
 1928
  829
 1021
 5151
 2989
 5947
 1561
 1744
 7038
 6794
 3717
 5121
 7724
 6528
 8711
  635
 8384
  780
 1628
 8741
 1476
 7723
 4445
 5046
 5751
  849
 5732
 4088
 3175
 4551
 5247
 2884
 5155
 4463
  976
 8441
  202
 9152
 3725
 5833
 5789
  622
 6282
 4784
 6051
 8799
 9664
  678
 2074
 3628
 3159
 6234
 5056
 5285
 6307
 9410
 5442
 1816
 2573
 1211
 7790
 5378
 8130
 5215
 6745
 1557
 5927
 8833
 2819
 7458
 3206
 5934
 9074
 6183
 5373
 9046
 8133
 3077
 1441
 4364
 2282
  393
 7394
 6040
 1578
 7739
 2616
 4034
 8708
 9397
 7958
 5324
 1284
 6919
 4611
 5296
 5781
 2655
 6375
  867
 1591
  396
 4496
  193
 2330
 4486
 8649
 1642
 3573
 1881
 9716
 5633
  454
 4563
 7701
  498
 3210
 8607
 1536
 8290
 6074
 6397
 8268
 8570
 1800
 3126
 4438
 1757
 1875
 9489
 1426
 1773
  311
 5785
 9945
 1827
 4680
 3606
 4188
 4498
 7325
 5166
  170
 6131
 3033
 1678
 1713
 8220
 8013
 6440
 5856
 5828
 4558
 9076
 4039
 6533
 2649
 6200
 1641
 6670
 7205
 6566
 2264
 5529
 4228
 5250
 4912
 8839
 4718
 8831
  293
 4812
 6647
 9314
 9485
 9211
 2131
  568
 6258
 5461
 4309
 9529
 5359
 1574
  474
 7668
 1772
 5057
 4111
 7013
 9962
 6050
 7704
   15
 7431
 9631
 8985
 7091
 1300
 8681
 3961
 1166
 9742
 2560
 4480
 2585
 5810
 7823
 2790
 6971
 7923
  800
 8177
 9643
 4944
 4724
 2001
 3330
   43
 5452
 8445
 8865
 6795
 1381
 7087
  540
  935
 1647
  786
  535
 1020
 4672
 8101
 4159
  455
 4536
 1971
 1281
 9011
 5321
 4475
 4917
 2011
 9268
 1062
 1291
 8373
 8778
 1307
 8885
 3910
 6279
 2771
 5457
 5369
 7887
 4325
 5851
 5581
 3290
 2313
 3026
 5784
 4148
 6345
 5775
 9734
 6981
 5879
 3362
 2991
 4175
 3595
 6835
 5317
 2556
 7123
 8857
  827
 7639
 4978
  676
 2586
 4846
 6888
 8923
 6192
 4690
 3062
 5170
 1168
 9627
 9718
 1760
 2956
 6385
 2759
 8812
 1692
 8392
 6915
 7418
 4118
 5068
 5873
 8523
 2628
  815
 7002
 3575
 4737
  103
 1551
 6525
 3011
 4395
 1294
 3073
 1998
 6765
  683
 8115
 2045
 1275
 3100
 9947
 3655
 7172
 2435
 1655
 4411
 3205
 9448
 2611
 1005
 4287
 4015
 1169
 5843
 6366
 2422
 1403
 8904
  337
  959
 1674
 6513
 7174
 3189
 5080
 9892
 9667
 3697
 8587
 2513
 9451
 9683
 2087
 9419
 5183
  958
 7735
 8558
 3753
 5807
 7975
 4187
 8690
 9373
 7689
 4652
 7064
  740
 8916
 3914
 1083
 4606
 3740
 5526
 7828
 2737
  325
 5122
 6804
  232
 1478
 9298
 2824
 3598
 7260
 6564
 5105
 2731
 6723
 5009
 1871
 9528
 1660
 8204
 7696
 9543
 1225
  641
 1448
 3750
 5244
 3298
 5960
 8253
 6453
 7338
  869
 8020
 6479
  126
 9946
 1212
 5761
 7810
 7389
 8248
 1507
 6464
 4890
 2095
  971
 5547
 4367
 9479
  265
 8808
 6298
 3772
 8466
 4845
 5459
 8956
 4487
 2022
 5397
 7763
 3424
 6698
 6652
 8068
 1136
 4982
  952
 8517
 1159
 4575
 9290
  552
 3585
 9283
 6381
 6886
 4542
 5799
 4060
 9042
 8695
 3108
 8174
 2007
 1387
 2189
 8871
 2100
 1811
 3318
 9737
 9823
 8555
 8629
 8284
 9256
 9287
  307
 7990
 1305
 2768
 7622
 9547
 3771
 8089
 5189
 2913
 9584
 3875
 4939
 2318
 6434
 5563
 6963
 7634
 5899
 3140
  990
 2376
 9669
 3060
 4863
 1945
 3110
 2813
 3782
 7147
 8107
 5230
 9109
 8535
 4668
 9883
  376
 3193
 8642
 7748
 2015
 1819
 8726
 5642
  889
 7330
 1532
 5710
 6483
 1586
 7195
 2493
 7768
 3685
 8619
 3611
 4440
 6303
  757
 8210
  567
 7101
 3564
 6149
 4113
  806
 7970
 5360
  960
  776
  323
 2601
 4416
 8165
 3705
  617
 6424
 1695
 6554
 3433
 9212
 9940
 6769
 9632
 3999
 4275
  797
 8753
 6551
 9580
 7336
  865
 5540
 2930
 8010
 4012
 5611
 2050
 2133
 7931
 7589
 4373
 6726
 9332
 6059
 9251
 9089
 6943
 5769
 1868
 9511
 8420
 5392
 2933
 5120
 3387
 3283
 2334
 7635
 7058
 5562
 2745
 8756
 3405
 8459
  983
 6257
 2511
 3009
 8280
 3822
 3361
 3997
 5370
 4278
  847
 3157
 1456
 6263
 4901
 9516
 2477
 1514
 2975
 9833
 9602
 5500
 3627
 3243
  420
 6930
 8298
 5571
 4452
 4122
  839
 9566
 8439
  407
 3265
 5366
 7854
 8730
 4871
 9028
 6164
 9590
 2785
 1588
 2766
 6270
 4821
 3309
  927
 2020
 4412
 7294
 2443
 6916
 2507
  759
  187
 8676
 8548
 6630
 8366
 6710
 3200
 5206
 2959
 5076
 8646
 9551
 3698
 6680
 6044
 9404
 3540
  333
 7166
 3512
 8363
  689
 6076
 7758
 7582
 3211
 6079
 2529
 2047
 6147
 5699
 1632
  176
 8651
 8967
 3218
 8393
 4081
 1981
 2946
  386
 2512
 8592
 2401
 1308
 5534
 4349
 7630
 5820
  359
  338
 9302
 3508
   14
 7979
 3158
 3173
 9773
 7473
 3608
 9416
 6897
 2386
 9310
 1486
 1399
  248
 2609
 3333
 5984
 4297
 4866
 4130
 9536
  305
 7178
  283
 9527
 8427
 2707
 4249
 9621
 8633
 2040
 7898
 4580
 8049
 6380
  166
  239
 6893
 7262
 6773
 6402
 7913
 9819
 8755
 7242
  762
 7036
 3012
 1190
 9951
 8496
 4640
 7022
 6371
  584
  750
 1252
 6154
 6617
 2194
 9225
 9881
 8944
 3401
 5462
 1089
  414
 9066
  313
 4830
  653
 7564
 9772
 9812
 6866
 4289
 1213
 6527
 9882
 5099
 1923
 9422
 6246
 9149
 2062
  852
 3161
 3945
 6701
 1494
 6582
 5954
 9341
 6089
 4108
 8519
 3257
 2300
 4971
  813
 4294
 7188
 7803
 1770
 8091
 7831
 3316
 6382
 3167
 6065
 8055
 6991
 3343
  539
  280
 9681
 3045
 1707
 1345
 9704
 1360
  665
 9465
 1596
 4382
 5501
 6362
 5557
 5063
 9024
 2582
 4550
 2783
 9145
 9596
 4933
 3571
 4914
 5414
 4243
 7873
 8127
  189
 3143
 6274
 2309
 4546
 8834
 2694
 4643
 6408
 5416
 9782
 2442
 3652
 1832
 1049
 3641
 5174
 3338
  681
 9619
 8789
  868
 5451
 6633
 4435
 3943
 2888
 8654
 7602
 3016
 8417
 6291
 1599
  471
  241
 3908
 9336
 2811
 8310
 6950
 2205
 3347
 5517
 8867
  658
 8830
 5767
 1313
 1992
 2756
 3594
 7891
 1304
 2461
 1395
 5156
 2504
  616
 8433
 8451
  439
 9605
 1319
 2227
 4719
 7581
 6645
 2539
 9264
 7004
 7180
 6468
 6523
 3691
 5888
 7300
 8244
 7211
 9738
 8659
 7708
 8062
 5507
 5844
  409
 5065
 2099
 9282
 8266
 4068
 3470
 2803
 6181
 9633
  688
 6732
 1975
 1540
 8149
  513
  263
  230
 8634
 4867
 2916
 9938
 8258
 6344
 9304
 8979
 6342
 8518
 8821
 9981
 8760
 6876
 2405
 1581
 7204
 9259
 7841
 7899
 8501
 4541
 1346
  169
 1131
 2305
 2718
 6666
  235
  196
 3370
 7963
 7465
 9930
 8390
   85
 6517
 4074
 7884
 7957
 4117
 2276
   31
  360
 7587
 3092
 7280
 9820
 1878
 1963
 2893
   67
 3306
 9794
 3744
 1765
 2323
 3624
 1922
 9714
 7537
  262
 1221
 4864
 7024
 6644
 5021
 4634
 9719
 1856
 3038
 5813
 2688
  399
 4583
 7599
 9080
 7424
  253
 5777
 3450
 2115
 3581
 9104
 5141
 9877
 4083
 1027
 7678
 8185
 6386
 5481
 9582
 1414
 8773
 1935
 4840
  787
 5694
  489
 8859
 9262
  854
 7865
 7257
 4802
 9721
 8289
 6695
 8401
 2129
 8803
 8513
 8153
 8837
 5854
 8308
 6085
 9062
 1790
 1546
  760
 8442
 2039
 8680
 8067
 4768
  694
 6031
 6753
 5643
  940
 3415
 7860
 6384
 3459
 2918
 1690
 6316
 9375
 9779
 9412
 8365
 2349
 8861
 1368
 1691
 9444
 4362
  294
  836
 6920
 4796
 3125
 4248
 3842
 3191
 3312
 4648
 7491
 5304
 4631
 6714
 9021
 4509
 2958
 4615
 9766
 3841
 6452
 2013
 3552
 2837
 2998
 1214
 1090
 6060
 5218
  946
 4952
  422
 6039
 5423
 7861
 6153
 9335
 3773
 7377
 9108
 5497
 1447
 4008
 7230
 9387
 9723
 8973
 5923
 3285
 9106
 2618
 1450
 1649
 4989
 1241
 1019
 3858
 4831
 4832
 8230
 5551
 1366
 3411
 7894
 6689
 8272
 8043
 4833
 4739
 6320
 1788
 5948
 1102
 2332
 6115
 2876
 7016
 5002
 9893
 6659
 4304
 5235
 1885
 6446
 3344
 2119
 9362
 8732
 7307
 7493
 8841
 6844
  412
 6540
 5871
 3516
 9524
 9219
 5210
 9265
 9888
 6286
 8657
 2231
 5555
   91
 9253
 5889
 3656
 4492
 8187
 7879
 7040
   90
 8970
 2002
 9541
 4331
 1743
  151
 2810
 9482
 8166
 2250
 9894
 2646
 5863
 9499
 3192
 7907
 8094
 6688
 6597
 1259
 1286
 2403
 4050
 7719
 6526
 3989
 8481
 3730
 2965
 2901
 9897
  855
 5926
 5599
 2409
 8744
 5568
 1966
 7445
 3881
 6041
 3207
 1575
 1423
 6706
 4925
 2580
 8342
 8014
 3935
 1038
 8601
 8317
 6004
 7903
 1703
 2925
 7479
 9796
 3086
 3802
   26
 7665
 5453
 3240
 9824
 5338
 4655
 9919
 4931
 3124
 3368
 1370
  348
 5262
 8994
 1440
 1496
 7902
 3455
 4063
  354
 8454
 4798
  895
 1547
  233
 8913
 4417
 3925
 5409
 8369
 6335
 3886
  113
 9209
  884
 3323
  362
 5033
 1194
 2179
  269
 6766
 5723
 2201
 3871
 3102
 1443
 2645
 8353
 5585
 5758
 1813
 5523
 9199
  147
 6579
 1386
  467
 4792
 2897
 5424
 2841
 6066
 9801
 3013
  920
 8557
 1299
 6443
 4301
 2067
 8120
 7025
 2796
 6792
  382
 2859
 1394
 2485
  973
 6009
 6105
 6284
 2496
 6878
 2078
 9795
 2982
 3080
 3107
 9030
 4875
 7221
 2577
 3345
 2298
 6305
 6848
 4457
 4366
  165
 9701
 5701
 8219
 6321
 1839
 6128
 7499
 6872
 4468
 1735
 4671
 6163
 3800
 9572
 8087
 7838
 3681
 4245
 4428
 6248
 5098
 4504
 9477
 5636
  319
 9559
 3084
 7842
 6436
 4858
 7055
 7095
 9987
 5448
 8590
 3953
 4464
  693
 2668
 2625
  728
 2199
 6202
 4507
 8396
  623
 6295
 1724
 3095
 5291
 1258
 5872
 3440
 7278
 2887
 8993
 2895
 9370
 2885
 5035
 2563
 3485
 5456
 3762
   82
 1077
 7624
 7049
 4344
 3289
 7927
 8299
 5569
 7468
 6728
 4469
 1352
 1343
 7126
  174
 1512
  842
 1737
 6649
 3395
 2894
 7461
 6900
 5494
 4953
 4758
 5410
 7984
 8877
  631
 1439
 3642
 4689
  402
 8918
 1080
 7118
 3315
 6821
  715
 3227
 7962
 6616
   55
 1853
   93
 6462
 6126
 2116
 5149
 8995
 5962
 3354
  730
 2312
 1107
 6786
 3865
  302
 5898
 3328
 2765
 4703
 9053
 9478
 2151
 3633
 4290
 5937
 5072
 9869
 4016
 3918
 9696
  222
 4326
  647
 7829
 2452
  843
 2240
 8965
 8910
 2729
 6504
 5160
 1489
 2118
 7337
 7082
 2527
  427
 1303
 8301
 4394
 2748
 2066
 4618
 2739
 3788
 1184
 4874
 3756
 9838
 8502
 8088
 2606
 3919
 5545
 6087
 5354
 5248
 1711
 6810
  790
 5116
 4761
  242
 3795
 5480
 8109
 6992
 4577
 2836
 6351
 9854
  858
 3757
 4966
 1814
 1260
 9887
 7359
 7676
 4801
 8214
 8432
 9099
  445
 7681
  589
 8188
 8271
 5007
 6545
 7012
 8999
 1503
  514
 2167
 4388
 1081
 2226
 1328
 6250
 2846
 4058
 9338
 6223
 6287
 9777
 6544
   46
 7679
 7729
 6974
 2809
 2521
 1018
 8942
 6428
 5269
 9896
 4089
 4956
 6948
 1464
 9720
 4938
 5286
  295
 5474
 3418
 1288
 3904
 2579
 9323
 5656
 5782
  972
  719
 7075
 3626
 9765
 1105
 7090
 8061
 2574
 8582
  892
 7606
 6812
 5345
 5932
 3382
 7507
  885
 5164
 2080
   56
 4493
 3146
 5504
 4354
 2915
 8348
 4540
 3495
 5408
 7276
 8596
 6467
 7948
 6875
  482
 6924
 4223
 4623
 9086
 8184
 1367
 4855
 3839
  648
 2555
 3836
 4907
 8856
 8079
 4225
 3690
 7282
 5961
 7988
 2821
 8701
 1201
  154
 2165
 3231
 7800
 2444
 9991
 4140
 7545
 5153
  875
 1968
 5381
 2845
 4232
 1236
 9993
 7448
 2091
  980
 4274
 4683
 8343
  700
 6928
 7385
 9183
 6103
 9519
  112
 7400
 1218
 1465
 3712
 1040
 4619
 3683
 5405
 2123
 6206
 6796
 8386
 4042
 2105
 1838
 3052
 9907
 7413
 6064
 5657
 2070
  349
 4046
 8709
 7346
 2132
 7703
 6455
  137
 7373
 4179
 8319
 9208
  111
  872
 5147
 4887
 2344
 5395
 9840
 1689
 5110
 9091
   70
 8368
 2542
 5231
 5673
 2034
 4004
 6934
  662
 7711
 8291
 1956
 4742
  383
 1761
 7574
 5665
 5367
 7728
 5150
 3574
 6733
 4087
 8122
 4556
 1091
 8725
 9147
 2196
 2981
 3558
 6211
 4906
 9414
 2106
 5696
 9248
 6772
 4378
 5100
 6987
 3559
  258
 9928
 8713
  249
 9570
 3647
 3000
 3130
 3820
 1982
 4593
 7209
 7067
 5722
 2107
   34
  211
  131
 2079
 9274
 5229
 4156
 5953
 1132
 1458
 9072
 4155
 4079
 8456
 3041
 2863
  918
 7324
 7553
 9579
 7297
  574
 8823
 3254
 1860
 1570
 3553
 5233
 5839
 4602
 6871
  938
 6138
  702
 6236
 1617
 9557
 6390
 7469
 8475
 2248
 6571
 6396
 6663
  609
 3878
 2699
 3607
 5600
 9978
 1572
 2535
  341
 2764
 6859
 9381
 7675
 2804
 5760
 8102
 3965
  318
 9233
 4987
  224
 3263
 1325
 1072
 5087
 6806
 7331
  569
 1014
  347
 8551
 3393
 7009
  819
  874
 7421
 8975
 1796
 9036
 7159
 2952
 9776
 2711
 9167
 8183
 4105
 6505
 2429
 5803
  670
 6699
 2408
 1380
  685
 6937
 5143
 4766
 8852
  664
 4409
 6032
 3017
  421
 7263
 9161
 4166
  585
 5201
 2109
 4791
 9249
 3958
 1909
  321
 2441
 6393
 9258
 7751
 5490
 9800
 1544
 4075
 1499
 7792
 8971
 3399
  583
 2544
 5808
 7580
 2761
 2333
  246
 9931
 5628
 3693
 1534
 5848
 9097
 1996
 4653
 9155
 7437
 9868
 6730
  711
 4664
  755
 4610
 8186
 4860
 6260
 7561
 1784
 2363
 6405
 3840
 9385
 1587
 9301
 7268
 2570
 5989
 3534
 1924
 3224
 5878
 2708
 2757
 2054
 7256
 8453
 2288
  257
 5463
 1944
 4103
 3752
 7933
 8961
 6488
 7845
 7786
 4752
 5537
 3178
 9120
 8661
 7318
 5589
 4789
 2479
 5755
 6207
 1648
  392
 6621
 1419
 5386
 7670
 8515
 7453
 4310
 1178
 1915
 8890
 3613
 9531
 5734
 5513
 1903
 6358
 9365
  954
 9832
 4883
 1693
 6107
 6355
 7811
 4387
 3075
 3397
 7909
 1045
  654
 8375
  503
 6311
 8665
 4644
 3789
 4303
  947
 7189
 4330
 7904
 9409
 2446
 7947
 2656
 3677
 3672
 9070
 5249
 2159
 5759
 3640
  298
 5558
 6522
 6080
 7761
 8847
  803
 3056
 8840
 8667
 9093
 4586
 4965
 8295
 9458
 5788
 7412
 8981
 2156
 8152
 8434
 2920
 7003
 3435
 4229
 3938
 2638
 3710
 9936
 3445
 5896
 4705
 7392
 4365
 8446
 8229
 7238
 4351
  590
 3468
 9722
 1994
 9685
 5428
 5213
 4579
  104
 1892
  924
 3372
 9218
 3621
 5933
 6691
 5031
 8908
 1383
 2147
  856
 8767
 1342
 9687
 1858
 5252
 1500
 2454
 4811
 6830
 9037
 7425
 8228
 2055
 6807
 5030
 9337
 5339
 9164
 6736
 1999
 1035
 4630
 7206
 2417
 9857
 4983
  621
 8809
 6244
 4973
 2310
 8378
 1293
 1455
 7127
 7435
 2395
  328
 8251
 8777
 3987
 3823
 9357
 9668
 8431
  989
  615
 1491
 3990
 8135
  607
 1726
  586
 1953
 4177
 2036
 7877
  408
 2566
 1739
 9423
 9635
  501
 5768
 4714
 3270
 5908
 6256
 9688
 4578
 2588
 6622
 7641
 2833
 7411
 1007
 9192
 5042
 3069
 9054
 5762
  764
 3828
 4716
 1228
 5356
 5019
 3767
 6847
  279
 8957
 5214
 4149
 1889
 2361
 5742
 1941
 3518
 9544
 5943
 4348
 1830
 7151
 6026
 5895
 9731
 1320
 1142
 5097
 3555
 1810
 7932
 7176
 4371
 8935
 6768
 5884
 6573
 9684
 8112
 8398
 4566
 8497
 6718
 2728
 1528
 8844
 4280
 4843
 5916
 8748
  277
 3909
 4474
 1445
  525
 8199
 9339
 6266
 9180
 3490
 3351
 1883
 2749
  632
 1492
 5316
 9023
 2658
 1064
 3882
   68
  600
 4926
 9273
 4595
 8704
  397
 4320
 1203
 3310
 3671
  630
 3127
 6708
  606
 6635
 3674
 2365
 3963
 7859
 8920
 3481
 2359
 7769
 1918
 6851
 8057
 4770
 4253
 2324
 9953
 2122
 6222
  962
 4862
 1804
 7010
 8019
 2960
 5773
 8952
 8556
 7649
 1069
 9904
 7484
 8643
 6592
 7874
 5165
 4291
 3986
 4238
 7548
 8227
 9884
 8170
 9879
 2101
 8668
 9052
 4071
 2597
 9272
 4836
 4881
 9121
  218
 9114
 7355
 2192
 7217
 4217
 6214
 1567
 7125
 9254
 2692
 6787
 3636
   71
 5276
 2146
  370
 2847
 5533
 7244
 4436
 2629
 1730
 7774
 1898
  483
 1344
  722
 6139
 2030
 1774
 7650
 9371
 6514
 7250
 7608
 6704
 1527
 6410
 4588
 7673
 6907
 8340
 8273
 6413
 5957
 4441
 9645
  577
 4999
 2463
   25
 2233
 8257
 6095
 1207
 2458
 1433
 1191
 1302
 1954
 3165
 3976
 6634
 1266
 8851
 4497
 2024
  288
 4512
 5265
 4614
 1001
 5053
 6216
 6383
  468
 6364
 6717
 5614
 2675
 5454
 3449
 4920
 4415
 8644
 1951
 1911
 1287
 3194
 9792
 9839
 1753
  557
 5387
 2211
 4677
 8864
 6639
 7595
 5753
 1397
 9500
 3198
 2891
 2840
 9171
  771
 2388
 3869
 8580
  850
 6606
 3568
 7759
 2482
  178
  326
 4708
 8991
 8572
 3081
 2552
 4545
  533
 6887
 8421
 1424
 1623
   38
 2855
 6357
 3556
 7119
  655
 9948
 9842
 4946
 6101
 5747
 1555
 5176
 8314
 5999
  851
 9562
 1174
 7600
 7441
 2077
 5835
 1199
 7354
 2515
 6146
 5037
 3377
  863
 6157
 9730
 4869
 6289
 7882
 6656
 8617
 4972
 6535
 4056
 9581
 2478
 8786
 2791
 3547
 9525
 9594
 6458
  743
 1549
 4328
 6966
  523
 2547
 9050
 3461
 8359
 5195
 9390
 7129
 4532
 9279
 9503
 2773
 1870
 9553
  115
 8473
 3154
 9255
 8537
 1310
 2877
 5134
 7917
 9139
 7936
  878
 8182
 5743
 7084
 6415
 2346
 8411
 1719
 9455
 9913
 8435
 3667
  794
 1826
 8768
 2599
 4186
 3617
 9758
 3112
 2353
 7111
  673
 3948
 6048
 3295
 8217
 3867
 6259
 5620
 5930
 5530
 9094
 2834
 8086
 4523
 7971
 1355
 4300
 8878
  119
 5671
 5343
  416
 6586
 4003
 7483
 1545
 3248
 7565
 8400
 7992
 4636
 3589
 5336
 2808
 4096
 2912
  395
  768
  916
 3816
 1337
 9921
 6228
 6426
 7062
 5756
 5594
 5778
 2799
  818
 1893
 5598
 8959
 1010
 3956
 6543
 7849
 4508
 4137
 8221
 4921
 3367
 4797
 8632
 6982
 4024
 2331
 4483
 8569
 7370
 7198
  401
 4408
 3928
 6675
 5422
  834
 8142
 7807
 2076
 7054
 2237
  708
 6684
 9113
 2046
 5787
 8352
 2088
 2621
 4500
 6509
 2234
 6678
  384
 1659
 4808
 9768
 5886
 7371
 5707
 7349
 4741
 3252
 3416
 1680
 1639
 4189
 6283
 5111
 9019
 7345
 3090
 4678
 1238
 7005
  479
 4370
 2896
  320
 4125
 6833
 8318
 9537
 2543
 2596
 6419
 1556
 3262
 8827
 9933
 8216
  831
 1750
 3267
 8843
 2559
 1223
 5515
 6000
 9749
 2713
 9048
  123
 4127
 4977
 5919
 2217
 7690
 3241
 3353
 4442
   80
 8148
 4744
 5737
 4112
 2592
  146
 7228
 6923
 5979
  377
 6132
 4746
 3754
 6746
  660
 3834
 7720
 7497
 5508
 4539
 1793
 7771
 5752
 2856
 5341
 8240
  529
 6978
 3673
 1520
 3023
 9178
 9753
 7277
 9270
 9158
 2381
  450
 1177
 8826
 8190
 6721
 7492
 4819
 7534
 8307
 8516
 8508
 2019
 5406
 7194
  276
  811
 6430
 2471
  379
 1269
 3473
 7213
 1912
 3284
 4524
 5941
 8705
 3889
 9470
 2177
 6921
 3727
 1803
 9617
 7249
 9278
 1565
 4660
 5645
 3962
 8032
 8341
 6989
 7892
 4997
 9257
  925
 4616
 5914
 4729
 2831
  274
 5375
 2872
 3532
 2170
 4597
 1349
 2262
 7858
 5107
 1071
 9157
 1777
 3500
  411
  674
 8698
 7835
 4323
  563
 3199
 2005
 9920
 4679
 2185
 5796
 5391
 7303
 9629
 9509
 4721
 5653
 2134
 8512
 4733
  646
 4324
 8213
 9321
 4254
 5275
  549
 1656
  643
 3383
 8080
 7558
 3528
 6969
 3980
 2279
 2082
 9195
 2137
 4144
 4732
 8679
 8938
 9998
 7133
 7869
 6136
 1117
 4520
 6347
 6843
 2127
 9747
  367
 1907
 9523
 9601
 2598
 2508
 6425
 2190
 3546
 7949
 4861
 5715
 9331
 4045
 7096
 7001
  284
 1143
 4958
  444
 6994
 2406
 8155
 9438
  138
 8758
 6984
 7399
 2083
 7699
 5191
 9561
 8795
 7252
  912
 4335
 1806
 1264
 7850
 2682
  361
 4306
 1115
 9861
 3169
 4244
 8986
 5062
 3220
 8215
 3952
 5254
 8889
 4084
 2979
 6961
 6841
 4730
 3723
 7671
 6782
 9473
 5310
  832
 6398
 7982
 1523
 2869
 5196
 9703
 7185
 3042
 1688
 3006
 7918
 3307
 5469
 3093
  462
 4250
 3242
 3381
 9394
  184
 3670
 1701
 6361
 4317
 7986
 7736
 6891
 7910
 5774
 3662
 6980
 1865
 6073
 8311
 4069
 7061
 6261
 7788
 1571
 6058
 3821
 3304
 6449
 3506
 1363
 9480
 6069
 8236
 1755
 4543
 7881
 7888
 8423
 3466
 9622
 2419
 8015
 5203
 3759
 1932
 1604
 8524
 6300
 5573
 2874
 7433
 1845
 8121
 5749
 8997
 7240
 6532
 4990
 4942
 8687
  212
 6448
 9982
 8943
 9064
 4404
 2802
 8719
 9761
 5486
 9118
 2663
 7844
 6643
 2290
 1298
 7050
 6825
 8277
 6803
 9364
 7405
 2693
 7288
 1384
 3425
 4120
 1140
  908
  364
 2213
 4201
 8209
 1188
 9591
 7605
 9540
 9411
 2548
 8316
 8154
 6502
 4590
 2911
  791
 9707
 7169
 1663
 7942
 4895
 3048
 2242
 4908
 9263
 5765
 8303
 7812
 5468
 8346
 7517
 4085
 7059
 9051
 2437
 9026
 8509
 8879
 9808
 8612
 5543
 5443
  443
 2506
 8765
 4390
 8936
  575
 8591
 5419
 8004
 2657
 6268
 3937
 7760
 2604
 9653
  152
 7108
 9018
 4256
 4456
 4360
 8605
 6604
 5940
 5838
 3281
  429
 2031
 9449
 5909
 6015
 8158
 6006
 8150
 2208
 9520
  506
 7801
 9752
 5202
 2767
 5634
 7579
 3109
 7100
 1318
 3763
 1309
 4405
 7607
 1589
 5682
 7509
 6227
 7137
 9899
 2779
 8035
 9291
 2723
 4272
 9399
 1566
 2032
 7584
 3236
 5998
  880
 3230
 9640
 3602
 9574
 4397
 4557
   78
 6968
 5148
  560
 5168
 8966
 9678
 6456
  451
 7799
 3522
 5660
 4589
    9
 3666
 1748
 1306
 6043
 5912
 4788
 9352
 4194
 8283
 2071
 1910
 6155
 9313
 3531
 7313
 6729
 4065
 7569
 5158
 5300
 3777
 1598
 7500
 3349
 3832
  671
 5608
 7138
 7943
 9889
  404
 6631
 2382
 6828
  597
 4681
 5816
 6852
 2961
 4379
 7153
 9275
 3183
 6481
  619
 4355
 1851
 4783
 4591
 1700
 5484
 3580
 1509
 2671
 6174
 5446
 2938
 2337
 2934
 7124
 8666
 5126
 6563
 1815
 3779
 6521
 9295
 5832
 4685
 6754
 3300
 6354
 9697
  731
  873
 3388
 3478
 7146
 3394
 5458
 5417
  612
 7557
 7235
  651
 2232
 8113
 6439
 2622
 3279
 1921
 8172
 6917
 6940
 1429
 2550
 4495
 7526
 4100
 6476
 9626
 9443
 7490
 7663
 7141
 3704
 9069
 6715
 2636
 8976
 9804
 3827
 1686
 5493
 5866
 6811
 7737
 3374
 7985
  608
  571
 3426
 2416
 5684
 6067
 9979
 7511
 3366
 9926
 7474
 5157
 3168
 1625
 7245
 6785
 4645
 1629
 1028
 4285
 7255
 3543
 9194
 7239
 3748
 4534
 9467
 8208
 5874
 9616
 6037
 9496
 8532
  805
 1834
 1708
 8483
  734
 4522
 5931
 5427
 1248
 9333
 9652
 5431
 1219
 4261
 2421
 4178
 3144
 4026
 4162
 5822
 9743
  159
  735
 8586
 1009
 1569
 4353
 5741
 4043
 6152
  545
  837
 5199
 2634
 5619
 8559
 1844
 4473
 9802
 2815
 8259
   27
 6116
 7145
 2004
 8180
 9296
 1525
 8881
 1718
 5951
 2164
 5990
 4979
 7625
 5488
 2736
 4167
 7930
 1592
 6220
 3223
 6760
 9751
 5290
 7271
 6959
  936
 3824
 2924
 3797
 8197
 5390
 2358
 3868
 4585
 6023
 3711
 3015
 6020
 9969
 9521
 5129
 5261
 4090
 9860
 5167
 3063
 3913
 8081
 4726
 9013
 4954
 5420
 3352
 1880
 4020
 3932
 1316
 3853
 4922
 8450
 1958
 7200
 2850
 9790
 8622
 9958
 8025
 7434
 3463
 1404
 9680
 6909
 7362
 9085
 7657
 1385
 6519
 6388
  197
 8987
 3364
 4023
 4234
 9317
 1289
 1153
 3441
 2502
 6763
 8361
 8672
 1179
  634
 1334
 1720
 2209
  100
 1074
 6572
  496
 9666
 6012
 3467
 1195
 9327
 2581
 8274
 1024
 1111
 2955
 7804
  624
  282
 9817
 7682
 6589
   11
 3586
  883
 4911
 3967
 4170
 2266
 2206
 8201
 2633
 8593
 7722
 6858
 1271
 3430
 6508
 6083
 9369
 6102
 1052
 9533
 5791
 6099
 3436
 8683
 1065
 3329
 9346
 5017
 1997
 9813
  687
 4215
 9342
  573
  548
  596
 7450
 1740
  303
 5036
 2225
 1933
 5616
 5857
 8017
 5024
 8606
  459
 6836
 4098
 3653
 7241
 6783
 3293
 5255
 9446
 1513
  578
 3597
 8546
 8108
  627
 8550
 3521
 7301
  919
 4142
 2617
 4447
 5257
 6936
 9577
 9247
 5222
 3978
 8447
 2784
 1122
 7998
 3851
 5676
 9571
 1823
 1205
 5361
 9510
 8118
 6158
 1869
 4315
 7073
 1156
 9784
 6793
  705
  306
 2468
 2825
 2651
 2565
 8678
 6602
 4573
 3745
 5322
 7938
 7478
 8002
 7530
 6010
 2110
 2366
  236
 5944
 1791
 4053
 8599
 3637
 1301
 6494
 3850
 9329
 9852
 7496
 5617
 4659
 1436
 4424
 1392
 6881
 2161
 3533
  477
  143
 1073
 5834
 4632
 5477
 3027
 2807
 2084
 4488
 7076
 9597
 3030
 1061
 7669
 7764
 1579
 4960
 5566
 8467
 8090
 1519
 4239
 8792
 4962
 1335
  500
 7609
 1050
 8126
  368
 1078
 4780
 7740
 4913
 7524
  848
 4343
 2228
 6899
 1462
  682
 2093
 4851
 9417
 9401
 7538
  403
 7612
 9343
 7920
 7857
 1781
 7063
 6104
 7636
 3887
 2510
 8335
 1732
 8922
 6598
 9505
 8614
 7754
    3
 6657
 5440
 1866
 3296
 5602
 2589
 7863
 8706
 9426
 3651
 7132
 9382
 5005
  613
 7772
 6363
 6302
  391
  237
 4650
 8820
  521
 9392
  710
 4047
 5432
 7404
 7798
 6764
 3228
  206
 4358
 9659
 9674
 7160
 5849
 2092
 9311
 1378
 4279
 7467
  845
 9159
 5977
 9908
 9971
 3148
  672
 5800
 8092
 8249
 9660
 7527
 6088
 4288
 1197
 9360
 8884
 1890
 9134
 2909
 1995
 6290
 9810
 4014
 2576
 5771
 8955
 1651
 1526
 8312
 2284
 6418
 4489
 3784
 8324
 7396
  195
  934
  369
 6338
 1710
 6636
 8053
 1848
 5766
 3299
 7905
 9487
 8116
 5450
 5639
 5668
 6036
 5064
 3807
 7658
 9087
 8161
 2641
 3926
  751
 5867
 2969
 4093
 1867
 8096
 6484
 7446
 1977
 6609
 8355
 6399
 5560
 1030
 5358
 7725
 5757
 1563
 7827
 2923
 5172
 9989
 4878
 9807
 7952
 5550
 8926
 4407
 4466
 3903
 8060
  497
 5159
 9944
 5561
 9934
 1354
 5415
 8030
 9846
 3862
 2843
 4421
 7472
 1435
 4657
 2648
 1215
 6093
 4985
 1008
 3620
 4115
 7895
 2747
 1155
 1237
 1541
 1026
 5985
 2540
 9693
 1552
 1624
 6958
 6697
 1764
 1620
 7007
 2378
 2487
 8811
  698
 4720
 5597
  713
  120
 2278
 7070
 5152
 4700
 6068
 7340
 6195
 8500
 9241
 4754
 2126
 8720
 6486
 8145
  314
 1973
 1964
 5091
 4357
  576
 3897
 1137
 2026
 9788
  987
 5081
  124
 3716
 3233
 9728
 9815
 3600
 8815
 6169
 6507
 9649
 8907
 6082
 6219
 8124
 7387
 2758
 3491
 9767
 6255
 3039
 6264
 3888
 4598
 3905
 2562
 9746
 6619
 7656
  692
 5520
 9015
 7937
 2970
 9835
 5804
 6265
 9345
 3292
 8036
 7051
 7308
 3503
 5383
 1602
 5228
 7973
 6712
 3643
 5505
  438
  570
 1202
 1940
 4568
 4032
 8583
 4064
 8766
 7851
 9789
 1857
 3843
 6314
 9431
 2661
 2880
 3657
 1946
 1048
 1483
 1681
 8058
 9972
  754
 6209
 3554
 4759
 4462
  795
 4706
 9266
 4031
 8463
 2466
 1939
 9112
 8047
 3726
 8407
 7778
 8898
 2558
 4236
 3517
 8919
 4180
 7646
 8287
 2142
 6028
 2171
 7999
 9391
 8162
 9488
 6846
 2357
 2244
 9745
 5659
 3238
 3247
 8940
 6100
   42
 3896
 9005
 3097
 6495
 7115
 9344
 8547
 4101
 5678
 5171
 3488
 9297
 6774
 6336
 2724
 9229
 7358
 4506
  825
 9182
 1612
 5514
 3305
 3331
  315
 5319
 3172
 3432
 6594
 9190
 5173
 6998
 9328
 7293
 4260
 8129
 5976
 1972
 9349
  753
 3985
 3845
 3729
 6341
 3530
 9532
 6151
 2734
 9878
 6072
 3031
 1274
 1925
 5754
  181
 2740
 3783
 4930
 8892
 1671
 4009
 5915
 9047
 2336
 1668
 5075
 6864
 3569
 5651
 1282
 9876
  964
 7749
 4928
  729
 3735
 1926
  344
 5593
 7466
 2367
 9588
 3623
  948
 2307
 3294
  270
  741
 7601
 3612
 6359
 4884
 7555
 6660
 1459
 5426
  495
 6892
 7556
 3379
  882
 9556
 4822
 4242
 6817
 5731
 3879
 5553
  594
 8321
 1468
 1283
 6973
  410
 5950
 3066
  604
 1562
 8128
 6084
 3988
 1285
 9826
 5089
 4713
 8372
 8073
 8893
  145
 4082
 4345
 2818
 7393
 4528
 5169
 2281
 9075
  259
 3924
 1473
 6160
 4961
  205
 9694
 6775
 6374
 4779
 1683
 9193
 3857
 1665
  431
 4226
 4569
 4824
 7997
 1124
  405
 5025
 6416
  652
 3549
 3899
  784
 6253
 9403
 5132
 4531
 5355
 1859
 2373
 1096
 8395
 1936
 3118
 5929
 9814
 2883
 5876
 1410
 9853
 7167
 1087
 5112
 2710
 4571
 8948
 8260
 2021
 1477
 2037
 4915
 2255
 3282
 3132
 8873
 5282
 7409
 4948
 6113
 6914
 3548
 3308
 4013
 7462
 7825
 1043
  375
 1016
 7549
 3114
 9630
 1401
 8958
 2545
 9453
 8620
 7052
 7320
 8937
 8270
 2647
 4123
 4813
 4393
 1333
 8664
 1425
 8822
 9347
 6225
 5401
 9040
 1635
 6186
 6021
 8056
  278
 8932
 8887
 3732
 4292
 5204
 9420
   69
 9043
 5776
  981
 7296
 1224
 1984
 5991
 9389
 5362
 8388
 9639
 1626
 7302
 3350
 1543
 4258
 8147
 5101
 8093
 5090
 2426
  261
 6254
 2732
 8367
 3629
 5353
 2436
    6
 3321
 1979
 5640
 8716
 2983
 7357
 1120
 9092
 2743
 7944
 9334
 8609
 9038
 6734
 7057
 5092
 6942
 9269
 8797
 8328
 5685
 5398
 6324
 7226
  679
 4455
 2939
 8692
 8653
 1088
 8858
 6832
 5736
 1976
 5894
 3959
 6035
 6233
 9469
 8198
 7233
  185
 2528
 3423
 6935
 7765
  271
 8723
 5572
 4767
 2685
 8123
 3359
  911
 2730
 9144
 4454
 7834
 3447
 8254
  251
 1129
 1070
 2623
 5719
 8360
 2308
 3567
 1611
 2503
 6596
 8394
 4857
 7987
 1989
   24
   19
 1614
 2108
 7510
 3535
 9992
 4263
 9441
 6423
 5698
 7398
  871
 5234
   51
 1840
 1717
 5225
 2835
 7457
 1986
 9741
 4847
 7710
 2686
  765
 1053
 5705
 4853
 9592
 1276
  914
 8818
 9661
 5865
 4918
 2272
 6215
 8105
 5027
 5667
 6679
 6235
 8018
 1522
 4776
 7793
 6884
 7186
 3619
 1338
 4728
  388
 2014
 2035
 8505
 4255
 8903
 5959
 5320
 5051
 4431
 4433
 6285
 4601
 5413
 4567
 6013
 4663
 7921
 6094
  340
 9196
 8063
 8250
 8673
  945
 5509
 4687
 4195
 3499
 3808
 3049
 2431
 1332
  860
 3398
 9156
 3768
  266
 6823
 2027
 3384
 3226
  291
  841
 2666
 5190
 1615
 4270
 2665
 3751
 1002
 8222
 5793
 7734
 6608
 9464
 4817
  748
 6995
 8489
 2820
 6800
 3631
  988
 7201
 9679
 3969
  106
 6299
 3255
 9000
 5575
 5658
 6242
 1497
 1000
 7928
 2033
 7562
 2780
 9603
 6025
 2650
 9706
 2977
  974
 3448
 6033
 5298
 4656
 3894
 1175
 2709
 5226
 4599
 8006
 4816
 1524
 5118
 6387
 4106
 5903
 6577
 2329
 3301
 6071
 7843
 1099
 9885
 1148
 5570
 6962
 9124
 4773
 2140
 8575
 3462
 8816
 7078
 6555
   12
 1365
 1233
 3761
 6273
  601
   32
 2753
 3128
 2114
  744
 9056
 9604
 1479
 6748
 9783
 9915
 2292
 4769
 3964
 2342
 5312
 4185
 8906
 5655
 1079
   29
 3004
 8163
 5085
 7945
 4548
 3287
 6749
 6056
 3632
 8631
 6905
 5433
 3991
 5627
 6946
 8069
 6294
 1454
 4094
 1109
 2169
  220
 2413
 3912
 5697
 9727
 3133
 2498
 8660
  476
 7501
 7868
 7974
 2590
 8788
 5806
 6539
 7289
 7516
 1012
 3785
 3010
 5396
 1336
   63
 3792
 8022
 3864
 7603
 5905
 4019
 6700
 2676
 8685
 6879
 5647
 8562
 9774
 2474
 1895
 5208
 1756
 4617
 3002
 6855
 2777
 6317
 7989
 1734
 3930
 2158
 1371
 9244
 3355
 6451
  789
 2842
 2997
 4991
 6055
   45
 9902
 6332
 8604
 2270
 9299
 7797
 2898
 1920
  929
 6738
 2600
 3922
 5436
 9068
 6569
 6194
 5217
  603
 5117
 1667
 9230
 4835
 3020
 2257
 4891
 1585
 7072
 1413
 4337
 2733
 2980
 4785
 1742
 2635
 4538
 5066
 5623
 6762
 6831
 6690
 3156
 4218
 2065
 4986
 9744
 8265
 1900
 8095
 4165
  707
 6780
 4132
 3024
 7972
 1699
 4209
 5471
 7683
 2537
 9245
 1466
 9324
 9974
 7597
 9083
 5981
 5224
 7374
  530
 4006
 3311
 1553
 9786
 2460
 4609
 4995
 4749
 6791
 7023
 5764
 8621
 8530
 9636
 2499
 8883
 9841
 2112
  555
 8374
 8313
  460
 8574
 5380
  796
 5831
 6797
 7994
 5059
 1506
 8814
 1609
  531
 6007
 3256
 9303
 8383
 5049
 1003
 9138
 9022
  515
 9725
 6427
 4943
 1515
 4193
 7750
 6124
 9712
 5429
 4176
 2754
 2273
 7086
 9663
 4368
 4485
 9806
 4519
 6445
 8782
 3570
 4561
 2320
 4963
 2414
   92
 3968
 5786
 9242
 5924
 9550
  339
 4564
 5086
 3196
 2387
 6798
 7068
 1093
   62
 3616
 7443
 6406
 2551
 1731
 4076
  234
 5425
 5869
 8514
 9045
 5212
 9763
 5071
 7481
 8356
 7121
 5549
 1113
 1795
 3474
 3793
 6890
 2235
 2680
   10
 3320
 5714
 3131
 1350
 4307
 1821
 7995
 4947
 6667
 4210
   59
 9127
 8051
 7335
 6461
 8281
 3021
 8707
 1185
 1949
  901
 6178
 3764
 1411
 2561
 8325
 1747
 5945
 4237
 8648
 5729
 1687
 2451
 1359
 5875
 6165
 3676
  592
 7452
 9575
 7017
 3037
 6179
 7615
 1390
 5502
 5407
 3638
 7471
 7718
 8650
 2615
 1182
 7529
 2689
 2772
 4701
 9308
 9656
 6421
 5946
 6896
 3422
 7175
  440
 2786
  816
 7420
 2701
  191
   28
 8241
 2763
 1412
 4994
 5632
 2038
 5279
 5045
 7687
  215
 2491
 6618
 5795
 1277
 7875
 9682
 2355
 9320
 1539
   60
 7384
  844
 1728
 6547
 5485
 1147
 8071
 2762
 2314
 1013
 4734
 5445
  550
 9151
 4181
 1391
 8252
 8882
 3085
 1675
 6802
 3420
 6477
 4114
 2328
  965
 7839
 5014
 3833
 6549
 3120
 8077
 8780
 9425
   64
 6002
  562
 1727
 7476
 3778
 5565
 5745
 8379
 5020
 9176
 7677
 7403
 4950
 5070
 4554
 3408
  749
 8693
  209
 3781
 4446
 3707
 2530
 2113
 9911
  642
 9132
 5724
 5892
 7940
 6229
 3264
 9128
  286
 4329
 5663
 7415
    2
  419
 7097
 7925
 2291
 2954
 8525
 5512
  565
 6595
 6204
 8332
 5654
 8842
 8697
 3291
 1508
 5836
 3176
 3592
  465
 6603
  245
 8978
 2263
 1985
 6117
 6226
 6654
 6097
 9020
 8992
 1490
  171
 1608
 4818
 3520
  301
   40
 6161
 6939
  888
 1771
 9351
 8491
 4197
 8480
 8334
  894
 2029
 2473
 2683
 6561
 6491
 4158
 2572
 5728
 3136
 1580
 6070
 1461
 2299
 8474
 4710
 6196
 5043
  840
 5578
  116
 9595
 8806
 9136
 9625
 3524
 5692
 1955
 7762
 7680
  461
 6473
  390
 6437
 5885
 1498
 4675
 1837
 9462
 9739
 4216
 9986
 6957
 5613
 1706
 1192
  714
 7852
 8747
 5184
 5917
 3634
 8960
 2375
 6017
 8233
  979
 4491
 3050
 8874
 2812
 4453
 6414
 1200
 1694
 3835
 5845
 3371
 6122
 9150
 9376
 3973
 3977
 2172
 6664
 7298
 1729
 8097
 2800
 1253
 1022
 1987
 8302
 9031
 8674
 3390
  838
 5921
 1818
 6515
   73
 5346
 1059
 3940
 7837
 9827
 5313
 5689
 5268
 2447
 7716
 5949
 5588
 7192
 5579
 3694
 6676
 5939
 3804
 3786
 6460
 7791
 6870
 1187
 3635
 9090
 9780
  942
 6860
 3008
 4460
 4786
 7447
 1004
 4126
  544
 7883
 9855
 5418
 5855
 2644
 9057
 3303
  240
 2727
 9923
 4525
 6611
 9880
 8472
 3113
  930
 8759
 6429
 2130
 6189
 8461
 2967
  434
 9235
 3094
   65
 6510
 8362
 1268
 6761
  287
 4163
 1152
 6882
 9003
 5374
 7333
 2048
 4722
 7361
 2501
 4882
  437
 8416
 1240
 2462
 6114
 1974
 2518
 2271
 6819
 7542
 8784
 1446
 6339
 2377
 2769
 8594
 7693
 8292
 2992
 4164
 2866
 3560
 7427
 5938
 6016
 6683
 3906
  532
 8104
 4781
 4450
 4612
 7498
 6531
 4793
 7505
 8140
 7802
 7264
 5473
 5289
 4072
 4136
 6275
 7028
 6623
 1801
 8779
  637
 9729
 1778
 7139
 4829
 7253
 4814
 6333
 4010
  900
 2673
 2003
 7135
 1550
  272
 4555
 8426
 3885
 6954
 8376
 5972
 5727
 6518
  317
 3796
 3446
 4191
 7231
  114
 1931
 6034
 8899
  502
 1763
 3892
 6378
  747
 8615
 7080
 6500
 7037
 3046
 7254
 5621
 1348
 5680
 9058
 2987
 1531
 5475
  292
 5161
 2391
 1657
 5311
 6159
 8888
 8638
  487
 9898
 8075
 3709
 4804
 2995
   35
 2594
 4152
 9406
 5267
 4305
 4841
 5615
 3614
 7871
 8160
 1583
 7275
 5797
  823
 6820
 5399
 6646
 6231
 4745
 1427
 8205
 7554
 4318
 7143
 5733
 4865
  365
 2144
 3825
 3182
 3603
 8880
 5479
 9890
 2321
 3202
  346
 9724
 5227
 7746
 7767
  423
 1134
 6849
 4629
 7713
 8329
 3325
 7429
 8536
 4873
 1057
 7864
 4751
 2368
 1331
 8576
 3229
 1330
  327
 8110
 6776
 2801
 8492
 1723
  481
 7939
 9084
 4587
  726
 9586
 9160
 3981
 5466
 2439
 9486
 1029
 7117
  745
 8419
 9428
 8750
 4889
 8143
 5303
 2294
 3166
  877
 7419
 5695
 4059
 8636
 2445
 7120
 9353
 3525
 1011
 6184
 7644
 7967
 4037
 4604
 3119
 8054
 9538
  995
 6808
 4241
 3332
 5846
 7046
 1127
 3504
 2520
 9206
 9379
 7866
 3492
 5522
 6134
  736
 5826
  773
 8540
 7081
 4295
 6472
 6054
 3830
 6379
 7085
  136
 1327
 8189
  680
 3414
 5818
 7571
 2830
 1163
 8033
 9186
 9620
 9325
 5687
 8293
 1235
 5280
 5187
 3599
 6724
 6673
 9863
 1762
 9836
 3250
 4876
 4392
 9096
 4414
 1323
 4448
 5137
  559
 3714
 2195
 6433
 5010
 9025
 4518
 8510
  967
 5780
 3121