 953
 219
 397
   8
  15
 134
 716
 555
 933
 428
 316
 103
 739
 731
 352
 105
 356
 618
 878
 973
 558
 800
 831
 524
 181
 849
 916
 435
 645
 829
 865
 305
 574
  60
 889
  49
 419
 632
 304
  97
 707
 548
 679
  40
 774
 507
 300
 992
 536
 653
 197
 196
 946
 624
 215
 220
 836
 293
  10
 363
 328
 233
 296
 585
 311
 958
 721
 584
 978
 292
  91
 118
 795
 277
 206
 455
 532
 517
 955
 163
 256
  77
 567
 161
 676
 773
 570
 801
 214
 490
   3
  18
 503
 848
 324
 390
 382
 899
 893
 238
 934
 949
 871
 210
 861
 741
 315
 321
 120
 592
  34
 552
 862
 702
 696
 909
 907
 484
  53
 599
 405
  63
 451
  39
   2
 759
 981
 285
  95
 683
  81
   4
 445
 616
 359
 116
 329
 104
 261
 989
 693
 575
 695
 825
 985
 541
 453
 477
 840
 255
 804
 499
 833
 754
 529
 348
 159
 270
 577
 525
 322
 625
 260
 341
 377
 748
 332
 282
 325
 395
 562
 939
 370
 920
 513
 587
 817
  36
 469
 288
 546
 204
 423
 895
 549
 331
 995
 960
 809
 819
 875
 732
 290
  25
  78
 351
 579
 582
 972
 623
 718
 593
 699
  38
 463
 190
 283
 641
 606
 336
 406
 391
 790
 630
 409
 737
 853
 433
 313
 434
 330
 257
 387
 940
 966
 222
 223
 186
 667
  66
 677
  11
 249
 757
 764
 794
 533
 188
 491
 976
 900
 240
 502
 399
  51
 661
 986
 117
 250
 854
 358
 682
 470
 617
 852
 663
 776
 228
 671
 247
 684
 628
 856
 866
 885
 195
 441
 375
 534
 723
 681
 437
 642
 596
 997
 357
 850
 466
 410
 912
  76
 365
 863
 959
 648
 115
 429
 141
 227
 456
 471
 226
 506
   5
 993
  89
 153
 767
 273
 651
 859
 559
 275
 864
 276
 166
 781
 213
 892
  82
 302
 659
 514
 379
 923
 454
 547
 715
 709
 258
 620
 770
 259
 372
 373
 746
  41
 581
  32
 112
 230
  23
 323
  74
  24
 480
  12
 320
 888
 424
 730
  68
 564
 637
 182
 267
 729
 793
 473
 984
 808
 312
 908
 121
 512
 132
 169
  56
 806
 343
 268
 872
 184
  70
 975
 167
 785
 516
 802
 202
 494
 234
 613
 133
 208
  99
 604
 551
 964
 844
 827
 178
 225
 403
 706
 334
  84
  54
 545
 523
  92
 392
 712
 658
 745
 561
 317
 787
 393
 386
 602
  14
   6
 553
 492
 711
 777
 580
 970
  33
 901
  87
 906
 779
 489
 361
 245
 187
 111
 974
 218
 783
 588
 565
 883
 608
 598
 110
 374
 378
  58
 922
 903
 868
 109
 753
 140
 376
 563
 837
  96
  61
 414
 942
 615
 932
 269
 799
  47
 488
 690
 607
 212
 813
 420
 882
 411
 902
 192
 527
 668
 931
 239
 459
 415
 203
 919
 164
 828
 444
 798
 279
 788
 398
 771
 496
 905
 139
 526
 815
 655
 337
 389
 915
 131
 963
 412
  16
 924
 476
 252
 735
 621
  86
 291
 388
 805
 629
 586
 137
 614
 344
   1
 519
 666
 402
 572
 738
  90
 991
 595
 947
 173
 447
  26
 280
 144
 816
 998
 589
 407
 898
 274
 657
 416
 381
 811
 147
 812
 385
 873
 422
 158
 366
 747
 904
 297
 686
 796
 597
 726
 761
  72
 689
 126
 688
 486
 528
 834
 550
 911
 843
 235
 968
 200
 232
  57
  67
 436
1000
 605
 930
 639
 413
 495
 177
 710
 867
 236
 299
 650
 248
 961
 217
 870
 987
 251
 678
 742
  85
 756
 755
 846
 107
 485
 969
 383
 170
 782
 426
 231
 505
 750
 647
 500
 897
 172
 583
 733
 537
 611
 339
 303
 468
  48
 438
 573
  44
 278
 941
 474
 510
 571
 691
 643
 988
 307
 475
  31
 448
 708
 822
 778
 335
 700
 879
 921
 301
 265
 119
 792
 568
 601
 948
 763
 384
 482
 108
 929
 478
 768
 830
 619
 713
 449
 980
 417
 209
  71
 918
 938
 631
 950
 543
 635
 254
 450
 347
 936
  19
 175
 838
 367
 954
  35
 408
 917
 894
 638
 821
 113
 100
 880
 823
  43
 237
 458
 857
 535
 720
 660
 124
 404
 360
 418
 789
 743
 591
 168
 123
 452
 129
  27
 171
 157
 125
 193
 685
 349
 740
 205
 368
 736
 211
 345
 544
 649
 520
  73
 982
 704
 636
 810
 979
 674
 286
 508
 518
 148
 722
 556
 672
 179
 762
 287
 457
 371
 306
 538
 521
  13
 751
 680
 851
 191
 465
 310
 560
 146
 758
 309
 189
 797
 855
 515
 272
 744
 380
  59
 760
 766
 242
 443
 266
 749
  29
 539
 965
 896
 703
 654
  93
 289
 944
 221
  52
 400
 610
 156
 881
 394
 858
 151
 472
 294
 566
  69
 355
 511
 818
 241
 262
 692
 346
 665
 338
  98
 314
 318
  75
  20
 996
 578
 914
 886
 127
 664
 705
 353
 461
 298
 421
 128
 627
 138
  55
 142
  65
 487
  50
 832
 890
 962
 199
 669
 841
 891
 675
 174
 106
 633
 244
 869
 467
 152
 994
 427
 860
 842
 350
 253
 786
 327
 354
 622
  21
 714
  42
 160
 342
 462
 264
 876
 590
 807
  37
 835
 154
 493
 201
 925
 990
 928
 957
 439
 824
 114
 308
 554
 180
 670
  64
 243
 977
 364
 224
 910
 913
 149
 769
 727
  46
 694
 136
 155
 101
 319
 501
 600
 717
  83
 207
 719
 698
 646
 498
 333
   9
  88
 481
 150
 780
  79
 531
   7
 935
 135
 522
 594
 396
 194
 874
 945
 656
  45
 401
 697
 662
 340
 509
 165
 725
 442
 295
 504
 464
 652
 162
 569
 326
 634
 845
 185
 765
 803
 884
 540
 826
 102
  30
 281
 369
 271
 956
 198
 927
 814
 362
 775
 937
 791
 542
 425
  28
 724
 145
 701
 983
 734
 673
 432
 576
  80
  62
 971
 967
 446
 609
  17
 926
 497
 183
 263
 440
 626
 772
 176
 687
 284
 229
 246
 430
 839
 143
 951
 784
 431
 216
 640
 999
 877
  22
 752
 530
 952
 728
 612
 483
  94
 603
 943
 557
 122
 460
 820
 847
 887
 479
 644
 130